Time (s)     Heave (m)
0.015000       -1.000442
0.030000       -1.001325
0.045000       -1.002650
0.060000       -1.004415
0.075000       -1.006620
0.090000       -1.009264
0.105000       -1.012344
0.120000       -1.015861
0.135000       -1.019811
0.150000       -1.024194
0.165000       -1.029006
0.180000       -1.034246
0.195000       -1.039910
0.210000       -1.045997
0.225000       -1.052503
0.240000       -1.059424
0.255000       -1.066758
0.270000       -1.074501
0.285000       -1.082649
0.300000       -1.091197
0.315000       -1.100142
0.330000       -1.109480
0.345000       -1.119205
0.360000       -1.129313
0.375000       -1.139799
0.390000       -1.150657
0.405000       -1.161883
0.420000       -1.173471
0.435000       -1.185414
0.450000       -1.197708
0.465000       -1.210346
0.480000       -1.223323
0.495000       -1.236630
0.510000       -1.250263
0.525000       -1.264214
0.540000       -1.278477
0.555000       -1.293045
0.570000       -1.307910
0.585000       -1.323065
0.600000       -1.338503
0.615000       -1.354217
0.630000       -1.370198
0.645000       -1.386439
0.660000       -1.402932
0.675000       -1.419670
0.690000       -1.436643
0.705000       -1.453844
0.720000       -1.471265
0.735000       -1.488897
0.750000       -1.506731
0.765000       -1.524759
0.780000       -1.542973
0.795000       -1.561363
0.810000       -1.579921
0.825000       -1.598638
0.840000       -1.617505
0.855000       -1.636513
0.870000       -1.655653
0.885000       -1.674916
0.900000       -1.694292
0.915000       -1.713773
0.930000       -1.733350
0.945000       -1.753012
0.960000       -1.772751
0.975000       -1.792557
0.990000       -1.812422
1.005000       -1.832336
1.020000       -1.852288
1.035000       -1.872272
1.050000       -1.892276
1.065000       -1.912291
1.080000       -1.932309
1.095000       -1.952320
1.110000       -1.972314
1.125000       -1.992283
1.140000       -2.012217
1.155000       -2.032107
1.170000       -2.051944
1.185000       -2.071718
1.200000       -2.091422
1.215000       -2.111045
1.230000       -2.130579
1.245000       -2.150016
1.260000       -2.169345
1.275000       -2.188559
1.290000       -2.207649
1.305000       -2.226606
1.320000       -2.245422
1.335000       -2.264088
1.350000       -2.282596
1.365000       -2.300938
1.380000       -2.319106
1.395000       -2.337091
1.410000       -2.354887
1.425000       -2.372484
1.440000       -2.389876
1.455000       -2.407054
1.470000       -2.424012
1.485000       -2.440741
1.500000       -2.457236
1.515000       -2.473488
1.530000       -2.489491
1.545000       -2.505238
1.560000       -2.520722
1.575000       -2.535937
1.590000       -2.550876
1.605000       -2.565534
1.620000       -2.579903
1.635000       -2.593979
1.650000       -2.607755
1.665000       -2.621227
1.680000       -2.634387
1.695000       -2.647232
1.710000       -2.659755
1.725000       -2.671953
1.740000       -2.683820
1.755000       -2.695351
1.770000       -2.706543
1.785000       -2.717391
1.800000       -2.727890
1.815000       -2.738037
1.830000       -2.747829
1.845000       -2.757261
1.860000       -2.766330
1.875000       -2.775033
1.890000       -2.783367
1.905000       -2.791330
1.920000       -2.798917
1.935000       -2.806128
1.950000       -2.812960
1.965000       -2.819410
1.980000       -2.825477
1.995000       -2.831159
2.010000       -2.836455
2.025000       -2.841362
2.040000       -2.845881
2.055000       -2.850009
2.070000       -2.853747
2.085000       -2.857094
2.100000       -2.860049
2.115000       -2.862611
2.130000       -2.864782
2.145000       -2.866561
2.160000       -2.867948
2.175000       -2.868944
2.190000       -2.869550
2.205000       -2.869766
2.220000       -2.869594
2.235000       -2.869035
2.250000       -2.868090
2.265000       -2.866761
2.280000       -2.865050
2.295000       -2.862958
2.310000       -2.860487
2.325000       -2.857641
2.340000       -2.854421
2.355000       -2.850830
2.370000       -2.846871
2.385000       -2.842547
2.400000       -2.837861
2.415000       -2.832816
2.430000       -2.827416
2.445000       -2.821664
2.460000       -2.815564
2.475000       -2.809120
2.490000       -2.802336
2.505000       -2.795217
2.520000       -2.787765
2.535000       -2.779987
2.550000       -2.771887
2.565000       -2.763468
2.580000       -2.754737
2.595000       -2.745699
2.610000       -2.736358
2.625000       -2.726720
2.640000       -2.716789
2.655000       -2.706573
2.670000       -2.696076
2.685000       -2.685304
2.700000       -2.674263
2.715000       -2.662958
2.730000       -2.651397
2.745000       -2.639585
2.760000       -2.627528
2.775000       -2.615234
2.790000       -2.602707
2.805000       -2.589955
2.820000       -2.576984
2.835000       -2.563802
2.850000       -2.550414
2.865000       -2.536828
2.880000       -2.523051
2.895000       -2.509090
2.910000       -2.494951
2.925000       -2.480642
2.940000       -2.466169
2.955000       -2.451542
2.970000       -2.436765
2.985000       -2.421847
3.000000       -2.406795
3.015000       -2.391617
3.030000       -2.376320
3.045000       -2.360911
3.060000       -2.345398
3.075000       -2.329788
3.090000       -2.314089
3.105000       -2.298309
3.120000       -2.282454
3.135000       -2.266533
3.150000       -2.250553
3.165000       -2.234522
3.180000       -2.218447
3.195000       -2.202335
3.210000       -2.186195
3.225000       -2.170034
3.240000       -2.153859
3.255000       -2.137678
3.270000       -2.121498
3.285000       -2.105327
3.300000       -2.089172
3.315000       -2.073040
3.330000       -2.056939
3.345000       -2.040877
3.360000       -2.024860
3.375000       -2.008895
3.390000       -1.992991
3.405000       -1.977153
3.420000       -1.961389
3.435000       -1.945706
3.450000       -1.930111
3.465000       -1.914611
3.480000       -1.899212
3.495000       -1.883922
3.510000       -1.868746
3.525000       -1.853692
3.540000       -1.838765
3.555000       -1.823973
3.570000       -1.809322
3.585000       -1.794817
3.600000       -1.780466
3.615000       -1.766273
3.630000       -1.752246
3.645000       -1.738389
3.660000       -1.724709
3.675000       -1.711211
3.690000       -1.697901
3.705000       -1.684784
3.720000       -1.671866
3.735000       -1.659151
3.750000       -1.646646
3.765000       -1.634354
3.780000       -1.622280
3.795000       -1.610430
3.810000       -1.598808
3.825000       -1.587419
3.840000       -1.576267
3.855000       -1.565355
3.870000       -1.554689
3.885000       -1.544272
3.900000       -1.534108
3.915000       -1.524201
3.930000       -1.514554
3.945000       -1.505171
3.960000       -1.496056
3.975000       -1.487210
3.990000       -1.478638
4.005000       -1.470342
4.020000       -1.462326
4.035000       -1.454591
4.050000       -1.447140
4.065000       -1.439975
4.080000       -1.433099
4.095000       -1.426514
4.110000       -1.420222
4.125000       -1.414224
4.140000       -1.408522
4.155000       -1.403118
4.170000       -1.398012
4.185000       -1.393206
4.200000       -1.388702
4.215000       -1.384499
4.230000       -1.380600
4.245000       -1.377003
4.260000       -1.373711
4.275000       -1.370723
4.290000       -1.368039
4.305000       -1.365659
4.320000       -1.363584
4.335000       -1.361813
4.350000       -1.360345
4.365000       -1.359181
4.380000       -1.358319
4.395000       -1.357758
4.410000       -1.357499
4.425000       -1.357539
4.440000       -1.357878
4.455000       -1.358514
4.470000       -1.359445
4.485000       -1.360671
4.500000       -1.362189
4.515000       -1.363997
4.530000       -1.366094
4.545000       -1.368477
4.560000       -1.371144
4.575000       -1.374092
4.590000       -1.377321
4.605000       -1.380825
4.620000       -1.384604
4.635000       -1.388653
4.650000       -1.392971
4.665000       -1.397553
4.680000       -1.402397
4.695000       -1.407500
4.710000       -1.412858
4.725000       -1.418467
4.740000       -1.424325
4.755000       -1.430426
4.770000       -1.436768
4.785000       -1.443347
4.800000       -1.450158
4.815000       -1.457197
4.830000       -1.464461
4.845000       -1.471944
4.860000       -1.479644
4.875000       -1.487554
4.890000       -1.495671
4.905000       -1.503989
4.920000       -1.512505
4.935000       -1.521214
4.950000       -1.530110
4.965000       -1.539189
4.980000       -1.548446
4.995000       -1.557876
5.010000       -1.567474
5.025000       -1.577234
5.040000       -1.587151
5.055000       -1.597221
5.070000       -1.607438
5.085000       -1.617796
5.100000       -1.628290
5.115000       -1.638915
5.130000       -1.649665
5.145000       -1.660534
5.160000       -1.671518
5.175000       -1.682611
5.190000       -1.693806
5.205000       -1.705099
5.220000       -1.716483
5.235000       -1.727953
5.250000       -1.739504
5.265000       -1.751129
5.280000       -1.762824
5.295000       -1.774581
5.310000       -1.786396
5.325000       -1.798262
5.340000       -1.810174
5.355000       -1.822127
5.370000       -1.834114
5.385000       -1.846129
5.400000       -1.858168
5.415000       -1.870224
5.430000       -1.882292
5.445000       -1.894366
5.460000       -1.906440
5.475000       -1.918508
5.490000       -1.930566
5.505000       -1.942607
5.520000       -1.954626
5.535000       -1.966618
5.550000       -1.978576
5.565000       -1.990497
5.580000       -2.002373
5.595000       -2.014200
5.610000       -2.025972
5.625000       -2.037684
5.640000       -2.049332
5.655000       -2.060909
5.670000       -2.072411
5.685000       -2.083832
5.700000       -2.095168
5.715000       -2.106414
5.730000       -2.117564
5.745000       -2.128615
5.760000       -2.139560
5.775000       -2.150396
5.790000       -2.161118
5.805000       -2.171722
5.820000       -2.182202
5.835000       -2.192555
5.850000       -2.202776
5.865000       -2.212861
5.880000       -2.222806
5.895000       -2.232606
5.910000       -2.242259
5.925000       -2.251759
5.940000       -2.261103
5.955000       -2.270287
5.970000       -2.279309
5.985000       -2.288163
6.000000       -2.296847
6.015000       -2.305357
6.030000       -2.313691
6.045000       -2.321844
6.060000       -2.329814
6.075000       -2.337598
6.090000       -2.345193
6.105000       -2.352596
6.120000       -2.359805
6.135000       -2.366816
6.150000       -2.373628
6.165000       -2.380238
6.180000       -2.386644
6.195000       -2.392844
6.210000       -2.398835
6.225000       -2.404616
6.240000       -2.410184
6.255000       -2.415539
6.270000       -2.420678
6.285000       -2.425600
6.300000       -2.430304
6.315000       -2.434788
6.330000       -2.439051
6.345000       -2.443092
6.360000       -2.446909
6.375000       -2.450503
6.390000       -2.453872
6.405000       -2.457016
6.420000       -2.459934
6.435000       -2.462626
6.450000       -2.465091
6.465000       -2.467329
6.480000       -2.469340
6.495000       -2.471123
6.510000       -2.472680
6.525000       -2.474011
6.540000       -2.475114
6.555000       -2.475992
6.570000       -2.476644
6.585000       -2.477072
6.600000       -2.477275
6.615000       -2.477255
6.630000       -2.477012
6.645000       -2.476548
6.660000       -2.475863
6.675000       -2.474960
6.690000       -2.473839
6.705000       -2.472501
6.720000       -2.470948
6.735000       -2.469183
6.750000       -2.467205
6.765000       -2.465018
6.780000       -2.462623
6.795000       -2.460023
6.810000       -2.457218
6.825000       -2.454211
6.840000       -2.451005
6.855000       -2.447602
6.870000       -2.444004
6.885000       -2.440214
6.900000       -2.436234
6.915000       -2.432067
6.930000       -2.427716
6.945000       -2.423183
6.960000       -2.418471
6.975000       -2.413583
6.990000       -2.408523
7.005000       -2.403292
7.020000       -2.397896
7.035000       -2.392335
7.050000       -2.386615
7.065000       -2.380738
7.080000       -2.374707
7.095000       -2.368526
7.110000       -2.362199
7.125000       -2.355729
7.140000       -2.349120
7.155000       -2.342375
7.170000       -2.335498
7.185000       -2.328493
7.200000       -2.321364
7.215000       -2.314113
7.230000       -2.306747
7.245000       -2.299267
7.260000       -2.291679
7.275000       -2.283986
7.290000       -2.276192
7.305000       -2.268301
7.320000       -2.260318
7.335000       -2.252246
7.350000       -2.244090
7.365000       -2.235854
7.380000       -2.227542
7.395000       -2.219157
7.410000       -2.210705
7.425000       -2.202190
7.440000       -2.193615
7.455000       -2.184986
7.470000       -2.176306
7.485000       -2.167579
7.500000       -2.158811
7.515000       -2.150004
7.530000       -2.141164
7.545000       -2.132295
7.560000       -2.123401
7.575000       -2.114485
7.590000       -2.105554
7.605000       -2.096610
7.620000       -2.087658
7.635000       -2.078702
7.650000       -2.069746
7.665000       -2.060795
7.680000       -2.051853
7.695000       -2.042923
7.710000       -2.034011
7.725000       -2.025120
7.740000       -2.016254
7.755000       -2.007417
7.770000       -1.998613
7.785000       -1.989846
7.800000       -1.981121
7.815000       -1.972441
7.830000       -1.963809
7.845000       -1.955231
7.860000       -1.946709
7.875000       -1.938247
7.890000       -1.929849
7.905000       -1.921519
7.920000       -1.913260
7.935000       -1.905077
7.950000       -1.896971
7.965000       -1.888948
7.980000       -1.881009
7.995000       -1.873160
8.010000       -1.865402
8.025000       -1.857740
8.040000       -1.850176
8.055000       -1.842713
8.070000       -1.835356
8.085000       -1.828105
8.100000       -1.820966
8.115000       -1.813940
8.130000       -1.807030
8.145000       -1.800239
8.160000       -1.793570
8.175000       -1.787025
8.190000       -1.780608
8.205000       -1.774319
8.220000       -1.768163
8.235000       -1.762140
8.250000       -1.756254
8.265000       -1.750507
8.280000       -1.744900
8.295000       -1.739436
8.310000       -1.734117
8.325000       -1.728945
8.340000       -1.723921
8.355000       -1.719047
8.370000       -1.714325
8.385000       -1.709756
8.400000       -1.705343
8.415000       -1.701086
8.430000       -1.696986
8.445000       -1.693046
8.460000       -1.689266
8.475000       -1.685647
8.490000       -1.682190
8.505000       -1.678897
8.520000       -1.675768
8.535000       -1.672804
8.550000       -1.670006
8.565000       -1.667374
8.580000       -1.664909
8.595000       -1.662611
8.610000       -1.660481
8.625000       -1.658519
8.640000       -1.656725
8.655000       -1.655100
8.670000       -1.653643
8.685000       -1.652354
8.700000       -1.651234
8.715000       -1.650283
8.730000       -1.649499
8.745000       -1.648883
8.760000       -1.648434
8.775000       -1.648152
8.790000       -1.648036
8.805000       -1.648086
8.820000       -1.648300
8.835000       -1.648679
8.850000       -1.649221
8.865000       -1.649926
8.880000       -1.650792
8.895000       -1.651818
8.910000       -1.653003
8.925000       -1.654346
8.940000       -1.655846
8.955000       -1.657502
8.970000       -1.659311
8.985000       -1.661273
9.000000       -1.663385
9.015000       -1.665647
9.030000       -1.668057
9.045000       -1.670612
9.060000       -1.673312
9.075000       -1.676154
9.090000       -1.679136
9.105000       -1.682256
9.120000       -1.685513
9.135000       -1.688904
9.150000       -1.692428
9.165000       -1.696081
9.180000       -1.699862
9.195000       -1.703768
9.210000       -1.707798
9.225000       -1.711948
9.240000       -1.716216
9.255000       -1.720600
9.270000       -1.725098
9.285000       -1.729706
9.300000       -1.734422
9.315000       -1.739243
9.330000       -1.744168
9.345000       -1.749192
9.360000       -1.754313
9.375000       -1.759529
9.390000       -1.764837
9.405000       -1.770233
9.420000       -1.775715
9.435000       -1.781280
9.450000       -1.786925
9.465000       -1.792647
9.480000       -1.798444
9.495000       -1.804311
9.510000       -1.810246
9.525000       -1.816246
9.540000       -1.822308
9.555000       -1.828429
9.570000       -1.834605
9.585000       -1.840834
9.600000       -1.847113
9.615000       -1.853438
9.630000       -1.859805
9.645000       -1.866213
9.660000       -1.872658
9.675000       -1.879136
9.690000       -1.885645
9.705000       -1.892181
9.720000       -1.898741
9.735000       -1.905323
9.750000       -1.911922
9.765000       -1.918535
9.780000       -1.925160
9.795000       -1.931794
9.810000       -1.938433
9.825000       -1.945073
9.840000       -1.951713
9.855000       -1.958349
9.870000       -1.964977
9.885000       -1.971595
9.900000       -1.978200
9.915000       -1.984788
9.930000       -1.991357
9.945000       -1.997903
9.960000       -2.004424
9.975000       -2.010917
9.990000       -2.017379
10.005000      -2.023806
10.020000      -2.030196
10.035000      -2.036547
10.050000      -2.042855
10.065000      -2.049117
10.080000      -2.055331
10.095000      -2.061495
10.110000      -2.067605
10.125000      -2.073658
10.140000      -2.079653
10.155000      -2.085586
10.170000      -2.091456
10.185000      -2.097259
10.200000      -2.102993
10.215000      -2.108656
10.230000      -2.114246
10.245000      -2.119759
10.260000      -2.125195
10.275000      -2.130550
10.290000      -2.135822
10.305000      -2.141010
10.320000      -2.146111
10.335000      -2.151123
10.350000      -2.156044
10.365000      -2.160873
10.380000      -2.165607
10.395000      -2.170244
10.410000      -2.174784
10.425000      -2.179223
10.440000      -2.183561
10.455000      -2.187796
10.470000      -2.191925
10.485000      -2.195949
10.500000      -2.199865
10.515000      -2.203671
10.530000      -2.207368
10.545000      -2.210952
10.560000      -2.214424
10.575000      -2.217781
10.590000      -2.221023
10.605000      -2.224149
10.620000      -2.227158
10.635000      -2.230049
10.650000      -2.232820
10.665000      -2.235472
10.680000      -2.238003
10.695000      -2.240412
10.710000      -2.242700
10.725000      -2.244866
10.740000      -2.246908
10.755000      -2.248827
10.770000      -2.250622
10.785000      -2.252292
10.800000      -2.253839
10.815000      -2.255260
10.830000      -2.256557
10.845000      -2.257729
10.860000      -2.258776
10.875000      -2.259698
10.890000      -2.260495
10.905000      -2.261167
10.920000      -2.261715
10.935000      -2.262139
10.950000      -2.262438
10.965000      -2.262614
10.980000      -2.262667
10.995000      -2.262597
11.010000      -2.262405
11.025000      -2.262092
11.040000      -2.261657
11.055000      -2.261103
11.070000      -2.260428
11.085000      -2.259635
11.100000      -2.258725
11.115000      -2.257697
11.130000      -2.256554
11.145000      -2.255295
11.160000      -2.253923
11.175000      -2.252438
11.190000      -2.250841
11.205000      -2.249134
11.220000      -2.247317
11.235000      -2.245393
11.250000      -2.243362
11.265000      -2.241227
11.280000      -2.238987
11.295000      -2.236645
11.310000      -2.234203
11.325000      -2.231661
11.340000      -2.229022
11.355000      -2.226287
11.370000      -2.223458
11.385000      -2.220536
11.400000      -2.217523
11.415000      -2.214421
11.430000      -2.211232
11.445000      -2.207958
11.460000      -2.204600
11.475000      -2.201161
11.490000      -2.197642
11.505000      -2.194046
11.520000      -2.190373
11.535000      -2.186627
11.550000      -2.182810
11.565000      -2.178923
11.580000      -2.174969
11.595000      -2.170950
11.610000      -2.166867
11.625000      -2.162723
11.640000      -2.158521
11.655000      -2.154262
11.670000      -2.149949
11.685000      -2.145584
11.700000      -2.141169
11.715000      -2.136707
11.730000      -2.132199
11.745000      -2.127648
11.760000      -2.123057
11.775000      -2.118427
11.790000      -2.113761
11.805000      -2.109062
11.820000      -2.104331
11.835000      -2.099571
11.850000      -2.094785
11.865000      -2.089974
11.880000      -2.085141
11.895000      -2.080289
11.910000      -2.075419
11.925000      -2.070535
11.940000      -2.065637
11.955000      -2.060730
11.970000      -2.055815
11.985000      -2.050894
12.000000      -2.045970
12.015000      -2.041045
12.030000      -2.036122
12.045000      -2.031202
12.060000      -2.026288
12.075000      -2.021383
12.090000      -2.016488
12.105000      -2.011605
12.120000      -2.006738
12.135000      -2.001888
12.150000      -1.997058
12.165000      -1.992249
12.180000      -1.987464
12.195000      -1.982704
12.210000      -1.977973
12.225000      -1.973272
12.240000      -1.968603
12.255000      -1.963968
12.270000      -1.959370
12.285000      -1.954810
12.300000      -1.950290
12.315000      -1.945812
12.330000      -1.941379
12.345000      -1.936992
12.360000      -1.932652
12.375000      -1.928362
12.390000      -1.924124
12.405000      -1.919939
12.420000      -1.915809
12.435000      -1.911736
12.450000      -1.907722
12.465000      -1.903767
12.480000      -1.899874
12.495000      -1.896044
12.510000      -1.892279
12.525000      -1.888581
12.540000      -1.884950
12.555000      -1.881388
12.570000      -1.877897
12.585000      -1.874478
12.600000      -1.871132
12.615000      -1.867860
12.630000      -1.864664
12.645000      -1.861545
12.660000      -1.858504
12.675000      -1.855542
12.690000      -1.852661
12.705000      -1.849860
12.720000      -1.847142
12.735000      -1.844507
12.750000      -1.841956
12.765000      -1.839489
12.780000      -1.837109
12.795000      -1.834814
12.810000      -1.832607
12.825000      -1.830488
12.840000      -1.828457
12.855000      -1.826516
12.870000      -1.824664
12.885000      -1.822902
12.900000      -1.821230
12.915000      -1.819650
12.930000      -1.818161
12.945000      -1.816763
12.960000      -1.815457
12.975000      -1.814244
12.990000      -1.813123
13.005000      -1.812094
13.020000      -1.811159
13.035000      -1.810315
13.050000      -1.809565
13.065000      -1.808907
13.080000      -1.808341
13.095000      -1.807869
13.110000      -1.807488
13.125000      -1.807200
13.140000      -1.807003
13.155000      -1.806898
13.170000      -1.806884
13.185000      -1.806961
13.200000      -1.807129
13.215000      -1.807387
13.230000      -1.807734
13.245000      -1.808170
13.260000      -1.808695
13.275000      -1.809307
13.290000      -1.810007
13.305000      -1.810793
13.320000      -1.811665
13.335000      -1.812622
13.350000      -1.813664
13.365000      -1.814788
13.380000      -1.815996
13.395000      -1.817284
13.410000      -1.818654
13.425000      -1.820103
13.440000      -1.821631
13.455000      -1.823237
13.470000      -1.824919
13.485000      -1.826677
13.500000      -1.828509
13.515000      -1.830414
13.530000      -1.832392
13.545000      -1.834440
13.560000      -1.836558
13.575000      -1.838744
13.590000      -1.840997
13.605000      -1.843315
13.620000      -1.845698
13.635000      -1.848144
13.650000      -1.850652
13.665000      -1.853219
13.680000      -1.855845
13.695000      -1.858529
13.710000      -1.861268
13.725000      -1.864061
13.740000      -1.866906
13.755000      -1.869803
13.770000      -1.872750
13.785000      -1.875744
13.800000      -1.878785
13.815000      -1.881870
13.830000      -1.884999
13.845000      -1.888169
13.860000      -1.891379
13.875000      -1.894627
13.890000      -1.897911
13.905000      -1.901231
13.920000      -1.904583
13.935000      -1.907967
13.950000      -1.911380
13.965000      -1.914822
13.980000      -1.918289
13.995000      -1.921781
14.010000      -1.925296
14.025000      -1.928832
14.040000      -1.932387
14.055000      -1.935960
14.070000      -1.939549
14.085000      -1.943151
14.100000      -1.946766
14.115000      -1.950392
14.130000      -1.954026
14.145000      -1.957667
14.160000      -1.961314
14.175000      -1.964965
14.190000      -1.968617
14.205000      -1.972270
14.220000      -1.975921
14.235000      -1.979568
14.250000      -1.983211
14.265000      -1.986847
14.280000      -1.990475
14.295000      -1.994093
14.310000      -1.997700
14.325000      -2.001293
14.340000      -2.004872
14.355000      -2.008433
14.370000      -2.011977
14.385000      -2.015501
14.400000      -2.019004
14.415000      -2.022485
14.430000      -2.025940
14.445000      -2.029370
14.460000      -2.032773
14.475000      -2.036147
14.490000      -2.039491
14.505000      -2.042802
14.520000      -2.046081
14.535000      -2.049325
14.550000      -2.052534
14.565000      -2.055705
14.580000      -2.058837
14.595000      -2.061930
14.610000      -2.064981
14.625000      -2.067990
14.640000      -2.070955
14.655000      -2.073875
14.670000      -2.076750
14.685000      -2.079577
14.700000      -2.082355
14.715000      -2.085084
14.730000      -2.087763
14.745000      -2.090390
14.760000      -2.092965
14.775000      -2.095485
14.790000      -2.097952
14.805000      -2.100363
14.820000      -2.102717
14.835000      -2.105014
14.850000      -2.107253
14.865000      -2.109433
14.880000      -2.111554
14.895000      -2.113614
14.910000      -2.115613
14.925000      -2.117550
14.940000      -2.119424
14.955000      -2.121236
14.970000      -2.122983
14.985000      -2.124667
15.000000      -2.126286
15.015000      -2.127839
15.030000      -2.129327
15.045000      -2.130748
15.060000      -2.132103
15.075000      -2.133391
15.090000      -2.134612
15.105000      -2.135765
15.120000      -2.136851
15.135000      -2.137868
15.150000      -2.138817
15.165000      -2.139698
15.180000      -2.140510
15.195000      -2.141254
15.210000      -2.141929
15.225000      -2.142535
15.240000      -2.143072
15.255000      -2.143541
15.270000      -2.143941
15.285000      -2.144272
15.300000      -2.144535
15.315000      -2.144730
15.330000      -2.144857
15.345000      -2.144916
15.360000      -2.144907
15.375000      -2.144831
15.390000      -2.144688
15.405000      -2.144478
15.420000      -2.144202
15.435000      -2.143860
15.450000      -2.143452
15.465000      -2.142980
15.480000      -2.142443
15.495000      -2.141842
15.510000      -2.141177
15.525000      -2.140450
15.540000      -2.139660
15.555000      -2.138809
15.570000      -2.137896
15.585000      -2.136924
15.600000      -2.135891
15.615000      -2.134800
15.630000      -2.133650
15.645000      -2.132443
15.660000      -2.131180
15.675000      -2.129860
15.690000      -2.128486
15.705000      -2.127058
15.720000      -2.125577
15.735000      -2.124043
15.750000      -2.122458
15.765000      -2.120822
15.780000      -2.119138
15.795000      -2.117404
15.810000      -2.115624
15.825000      -2.113797
15.840000      -2.111925
15.855000      -2.110008
15.870000      -2.108048
15.885000      -2.106046
15.900000      -2.104003
15.915000      -2.101921
15.930000      -2.099799
15.945000      -2.097640
15.960000      -2.095445
15.975000      -2.093214
15.990000      -2.090950
16.005000      -2.088652
16.020000      -2.086323
16.035000      -2.083963
16.050000      -2.081574
16.065000      -2.079158
16.080000      -2.076714
16.095000      -2.074245
16.110000      -2.071752
16.125000      -2.069236
16.140000      -2.066699
16.155000      -2.064141
16.170000      -2.061564
16.185000      -2.058969
16.200000      -2.056357
16.215000      -2.053730
16.230000      -2.051090
16.245000      -2.048437
16.260000      -2.045772
16.275000      -2.043097
16.290000      -2.040414
16.305000      -2.037723
16.320000      -2.035026
16.335000      -2.032324
16.350000      -2.029618
16.365000      -2.026910
16.380000      -2.024201
16.395000      -2.021492
16.410000      -2.018785
16.425000      -2.016080
16.440000      -2.013379
16.455000      -2.010684
16.470000      -2.007995
16.485000      -2.005314
16.500000      -2.002642
16.515000      -1.999980
16.530000      -1.997329
16.545000      -1.994691
16.560000      -1.992066
16.575000      -1.989457
16.590000      -1.986863
16.605000      -1.984287
16.620000      -1.981729
16.635000      -1.979191
16.650000      -1.976673
16.665000      -1.974177
16.680000      -1.971703
16.695000      -1.969254
16.710000      -1.966829
16.725000      -1.964430
16.740000      -1.962058
16.755000      -1.959714
16.770000      -1.957399
16.785000      -1.955114
16.800000      -1.952860
16.815000      -1.950637
16.830000      -1.948447
16.845000      -1.946291
16.860000      -1.944169
16.875000      -1.942082
16.890000      -1.940031
16.905000      -1.938017
16.920000      -1.936041
16.935000      -1.934104
16.950000      -1.932206
16.965000      -1.930347
16.980000      -1.928529
16.995000      -1.926753
17.010000      -1.925019
17.025000      -1.923327
17.040000      -1.921678
17.055000      -1.920074
17.070000      -1.918514
17.085000      -1.916998
17.100000      -1.915529
17.115000      -1.914105
17.130000      -1.912728
17.145000      -1.911397
17.160000      -1.910114
17.175000      -1.908879
17.190000      -1.907692
17.205000      -1.906554
17.220000      -1.905464
17.235000      -1.904424
17.250000      -1.903433
17.265000      -1.902491
17.280000      -1.901600
17.295000      -1.900759
17.310000      -1.899968
17.325000      -1.899227
17.340000      -1.898538
17.355000      -1.897899
17.370000      -1.897311
17.385000      -1.896773
17.400000      -1.896287
17.415000      -1.895852
17.430000      -1.895468
17.445000      -1.895134
17.460000      -1.894852
17.475000      -1.894620
17.490000      -1.894439
17.505000      -1.894309
17.520000      -1.894229
17.535000      -1.894200
17.550000      -1.894220
17.565000      -1.894291
17.580000      -1.894411
17.595000      -1.894580
17.610000      -1.894799
17.625000      -1.895066
17.640000      -1.895382
17.655000      -1.895746
17.670000      -1.896158
17.685000      -1.896617
17.700000      -1.897123
17.715000      -1.897675
17.730000      -1.898274
17.745000      -1.898918
17.760000      -1.899607
17.775000      -1.900341
17.790000      -1.901119
17.805000      -1.901941
17.820000      -1.902806
17.835000      -1.903713
17.850000      -1.904661
17.865000      -1.905651
17.880000      -1.906682
17.895000      -1.907753
17.910000      -1.908862
17.925000      -1.910011
17.940000      -1.911197
17.955000      -1.912420
17.970000      -1.913680
17.985000      -1.914975
18.000000      -1.916306
18.015000      -1.917670
18.030000      -1.919068
18.045000      -1.920499
18.060000      -1.921961
18.075000      -1.923455
18.090000      -1.924978
18.105000      -1.926531
18.120000      -1.928112
18.135000      -1.929721
18.150000      -1.931357
18.165000      -1.933019
18.180000      -1.934705
18.195000      -1.936416
18.210000      -1.938150
18.225000      -1.939906
18.240000      -1.941684
18.255000      -1.943482
18.270000      -1.945300
18.285000      -1.947136
18.300000      -1.948990
18.315000      -1.950861
18.330000      -1.952747
18.345000      -1.954648
18.360000      -1.956564
18.375000      -1.958492
18.390000      -1.960432
18.405000      -1.962383
18.420000      -1.964344
18.435000      -1.966315
18.450000      -1.968293
18.465000      -1.970279
18.480000      -1.972271
18.495000      -1.974268
18.510000      -1.976270
18.525000      -1.978275
18.540000      -1.980282
18.555000      -1.982291
18.570000      -1.984300
18.585000      -1.986309
18.600000      -1.988317
18.615000      -1.990322
18.630000      -1.992324
18.645000      -1.994322
18.660000      -1.996315
18.675000      -1.998302
18.690000      -2.000281
18.705000      -2.002254
18.720000      -2.004217
18.735000      -2.006171
18.750000      -2.008115
18.765000      -2.010047
18.780000      -2.011967
18.795000      -2.013874
18.810000      -2.015767
18.825000      -2.017646
18.840000      -2.019509
18.855000      -2.021355
18.870000      -2.023185
18.885000      -2.024997
18.900000      -2.026790
18.915000      -2.028563
18.930000      -2.030317
18.945000      -2.032049
18.960000      -2.033760
18.975000      -2.035449
18.990000      -2.037114
19.005000      -2.038756
19.020000      -2.040374
19.035000      -2.041966
19.050000      -2.043532
19.065000      -2.045073
19.080000      -2.046586
19.095000      -2.048072
19.110000      -2.049530
19.125000      -2.050958
19.140000      -2.052358
19.155000      -2.053728
19.170000      -2.055068
19.185000      -2.056377
19.200000      -2.057654
19.215000      -2.058900
19.230000      -2.060114
19.245000      -2.061294
19.260000      -2.062442
19.275000      -2.063557
19.290000      -2.064637
19.305000      -2.065684
19.320000      -2.066695
19.335000      -2.067672
19.350000      -2.068614
19.365000      -2.069520
19.380000      -2.070390
19.395000      -2.071224
19.410000      -2.072022
19.425000      -2.072784
19.440000      -2.073508
19.455000      -2.074196
19.470000      -2.074847
19.485000      -2.075460
19.500000      -2.076037
19.515000      -2.076575
19.530000      -2.077076
19.545000      -2.077539
19.560000      -2.077965
19.575000      -2.078353
19.590000      -2.078703
19.605000      -2.079015
19.620000      -2.079289
19.635000      -2.079526
19.650000      -2.079725
19.665000      -2.079886
19.680000      -2.080010
19.695000      -2.080096
19.710000      -2.080145
19.725000      -2.080156
19.740000      -2.080130
19.755000      -2.080068
19.770000      -2.079969
19.785000      -2.079833
19.800000      -2.079660
19.815000      -2.079452
19.830000      -2.079208
19.845000      -2.078928
19.860000      -2.078613
19.875000      -2.078262
19.890000      -2.077877
19.905000      -2.077458
19.920000      -2.077004
19.935000      -2.076517
19.950000      -2.075996
19.965000      -2.075443
19.980000      -2.074857
19.995000      -2.074238
20.010000      -2.073588
20.025000      -2.072906
20.040000      -2.072194
20.055000      -2.071451
20.070000      -2.070679
20.085000      -2.069876
20.100000      -2.069045
20.115000      -2.068186
20.130000      -2.067298
20.145000      -2.066383
20.160000      -2.065441
20.175000      -2.064473
20.190000      -2.063479
20.205000      -2.062460
20.220000      -2.061416
20.235000      -2.060349
20.250000      -2.059258
20.265000      -2.058144
20.280000      -2.057007
20.295000      -2.055850
20.310000      -2.054671
20.325000      -2.053472
20.340000      -2.052253
20.355000      -2.051016
20.370000      -2.049760
20.385000      -2.048486
20.400000      -2.047195
20.415000      -2.045888
20.430000      -2.044565
20.445000      -2.043227
20.460000      -2.041875
20.475000      -2.040509
20.490000      -2.039131
20.505000      -2.037740
20.520000      -2.036338
20.535000      -2.034925
20.550000      -2.033501
20.565000      -2.032069
20.580000      -2.030627
20.595000      -2.029178
20.610000      -2.027721
20.625000      -2.026258
20.640000      -2.024789
20.655000      -2.023315
20.670000      -2.021836
20.685000      -2.020354
20.700000      -2.018869
20.715000      -2.017381
20.730000      -2.015892
20.745000      -2.014402
20.760000      -2.012911
20.775000      -2.011422
20.790000      -2.009933
20.805000      -2.008446
20.820000      -2.006962
20.835000      -2.005482
20.850000      -2.004005
20.865000      -2.002532
20.880000      -2.001065
20.895000      -1.999604
20.910000      -1.998150
20.925000      -1.996703
20.940000      -1.995264
20.955000      -1.993833
20.970000      -1.992412
20.985000      -1.991000
21.000000      -1.989599
21.015000      -1.988209
21.030000      -1.986830
21.045000      -1.985464
21.060000      -1.984111
21.075000      -1.982771
21.090000      -1.981445
21.105000      -1.980134
21.120000      -1.978837
21.135000      -1.977557
21.150000      -1.976292
21.165000      -1.975045
21.180000      -1.973814
21.195000      -1.972602
21.210000      -1.971407
21.225000      -1.970232
21.240000      -1.969075
21.255000      -1.967938
21.270000      -1.966822
21.285000      -1.965725
21.300000      -1.964650
21.315000      -1.963596
21.330000      -1.962564
21.345000      -1.961555
21.360000      -1.960567
21.375000      -1.959603
21.390000      -1.958662
21.405000      -1.957745
21.420000      -1.956852
21.435000      -1.955982
21.450000      -1.955138
21.465000      -1.954319
21.480000      -1.953524
21.495000      -1.952755
21.510000      -1.952012
21.525000      -1.951295
21.540000      -1.950604
21.555000      -1.949939
21.570000      -1.949301
21.585000      -1.948690
21.600000      -1.948106
21.615000      -1.947549
21.630000      -1.947019
21.645000      -1.946517
21.660000      -1.946042
21.675000      -1.945594
21.690000      -1.945175
21.705000      -1.944783
21.720000      -1.944420
21.735000      -1.944084
21.750000      -1.943776
21.765000      -1.943496
21.780000      -1.943244
21.795000      -1.943021
21.810000      -1.942825
21.825000      -1.942658
21.840000      -1.942518
21.855000      -1.942406
21.870000      -1.942322
21.885000      -1.942266
21.900000      -1.942238
21.915000      -1.942237
21.930000      -1.942264
21.945000      -1.942318
21.960000      -1.942399
21.975000      -1.942508
21.990000      -1.942643
22.005000      -1.942805
22.020000      -1.942994
22.035000      -1.943209
22.050000      -1.943450
22.065000      -1.943717
22.080000      -1.944010
22.095000      -1.944328
22.110000      -1.944671
22.125000      -1.945040
22.140000      -1.945433
22.155000      -1.945850
22.170000      -1.946292
22.185000      -1.946757
22.200000      -1.947246
22.215000      -1.947758
22.230000      -1.948292
22.245000      -1.948849
22.260000      -1.949429
22.275000      -1.950030
22.290000      -1.950652
22.305000      -1.951296
22.320000      -1.951960
22.335000      -1.952644
22.350000      -1.953348
22.365000      -1.954071
22.380000      -1.954814
22.395000      -1.955575
22.410000      -1.956354
22.425000      -1.957151
22.440000      -1.957965
22.455000      -1.958796
22.470000      -1.959643
22.485000      -1.960506
22.500000      -1.961385
22.515000      -1.962278
22.530000      -1.963186
22.545000      -1.964108
22.560000      -1.965043
22.575000      -1.965992
22.590000      -1.966952
22.605000      -1.967925
22.620000      -1.968910
22.635000      -1.969905
22.650000      -1.970911
22.665000      -1.971926
22.680000      -1.972951
22.695000      -1.973985
22.710000      -1.975028
22.725000      -1.976078
22.740000      -1.977136
22.755000      -1.978200
22.770000      -1.979271
22.785000      -1.980347
22.800000      -1.981429
22.815000      -1.982516
22.830000      -1.983606
22.845000      -1.984701
22.860000      -1.985798
22.875000      -1.986898
22.890000      -1.988001
22.905000      -1.989104
22.920000      -1.990209
22.935000      -1.991314
22.950000      -1.992420
22.965000      -1.993524
22.980000      -1.994628
22.995000      -1.995730
23.010000      -1.996830
23.025000      -1.997928
23.040000      -1.999022
23.055000      -2.000113
23.070000      -2.001200
23.085000      -2.002282
23.100000      -2.003360
23.115000      -2.004431
23.130000      -2.005497
23.145000      -2.006556
23.160000      -2.007608
23.175000      -2.008653
23.190000      -2.009690
23.205000      -2.010719
23.220000      -2.011739
23.235000      -2.012749
23.250000      -2.013750
23.265000      -2.014741
23.280000      -2.015722
23.295000      -2.016691
23.310000      -2.017650
23.325000      -2.018596
23.340000      -2.019530
23.355000      -2.020452
23.370000      -2.021361
23.385000      -2.022257
23.400000      -2.023139
23.415000      -2.024007
23.430000      -2.024861
23.445000      -2.025700
23.460000      -2.026524
23.475000      -2.027332
23.490000      -2.028125
23.505000      -2.028902
23.520000      -2.029663
23.535000      -2.030407
23.550000      -2.031135
23.565000      -2.031845
23.580000      -2.032538
23.595000      -2.033214
23.610000      -2.033871
23.625000      -2.034511
23.640000      -2.035132
23.655000      -2.035734
23.670000      -2.036318
23.685000      -2.036883
23.700000      -2.037429
23.715000      -2.037955
23.730000      -2.038463
23.745000      -2.038950
23.760000      -2.039418
23.775000      -2.039865
23.790000      -2.040293
23.805000      -2.040701
23.820000      -2.041088
23.835000      -2.041455
23.850000      -2.041801
23.865000      -2.042127
23.880000      -2.042432
23.895000      -2.042717
23.910000      -2.042981
23.925000      -2.043224
23.940000      -2.043447
23.955000      -2.043648
23.970000      -2.043829
23.985000      -2.043989
24.000000      -2.044129
24.015000      -2.044247
24.030000      -2.044345
24.045000      -2.044422
24.060000      -2.044478
24.075000      -2.044514
24.090000      -2.044529
24.105000      -2.044524
24.120000      -2.044499
24.135000      -2.044453
24.150000      -2.044387
24.165000      -2.044301
24.180000      -2.044195
24.195000      -2.044069
24.210000      -2.043924
24.225000      -2.043759
24.240000      -2.043575
24.255000      -2.043371
24.270000      -2.043149
24.285000      -2.042908
24.300000      -2.042648
24.315000      -2.042369
24.330000      -2.042073
24.345000      -2.041758
24.360000      -2.041425
24.375000      -2.041075
24.390000      -2.040708
24.405000      -2.040324
24.420000      -2.039922
24.435000      -2.039504
24.450000      -2.039070
24.465000      -2.038620
24.480000      -2.038154
24.495000      -2.037672
24.510000      -2.037176
24.525000      -2.036664
24.540000      -2.036138
24.555000      -2.035597
24.570000      -2.035043
24.585000      -2.034474
24.600000      -2.033893
24.615000      -2.033298
24.630000      -2.032691
24.645000      -2.032071
24.660000      -2.031439
24.675000      -2.030796
24.690000      -2.030141
24.705000      -2.029475
24.720000      -2.028799
24.735000      -2.028113
24.750000      -2.027416
24.765000      -2.026710
24.780000      -2.025995
24.795000      -2.025271
24.810000      -2.024539
24.825000      -2.023798
24.840000      -2.023050
24.855000      -2.022295
24.870000      -2.021533
24.885000      -2.020764
24.900000      -2.019989
24.915000      -2.019209
24.930000      -2.018423
24.945000      -2.017632
24.960000      -2.016836
24.975000      -2.016037
24.990000      -2.015233
25.005000      -2.014427
25.020000      -2.013617
25.035000      -2.012804
25.050000      -2.011990
25.065000      -2.011174
25.080000      -2.010356
25.095000      -2.009537
25.110000      -2.008717
25.125000      -2.007897
25.140000      -2.007078
25.155000      -2.006259
25.170000      -2.005440
25.185000      -2.004623
25.200000      -2.003808
25.215000      -2.002994
25.230000      -2.002183
25.245000      -2.001375
25.260000      -2.000570
25.275000      -1.999768
25.290000      -1.998970
25.305000      -1.998176
25.320000      -1.997387
25.335000      -1.996603
25.350000      -1.995824
25.365000      -1.995051
25.380000      -1.994283
25.395000      -1.993522
25.410000      -1.992768
25.425000      -1.992020
25.440000      -1.991280
25.455000      -1.990547
25.470000      -1.989822
25.485000      -1.989105
25.500000      -1.988397
25.515000      -1.987698
25.530000      -1.987007
25.545000      -1.986326
25.560000      -1.985655
25.575000      -1.984993
25.590000      -1.984342
25.605000      -1.983701
25.620000      -1.983071
25.635000      -1.982452
25.650000      -1.981844
25.665000      -1.981247
25.680000      -1.980662
25.695000      -1.980089
25.710000      -1.979528
25.725000      -1.978980
25.740000      -1.978444
25.755000      -1.977921
25.770000      -1.977410
25.785000      -1.976913
25.800000      -1.976429
25.815000      -1.975959
25.830000      -1.975502
25.845000      -1.975059
25.860000      -1.974630
25.875000      -1.974215
25.890000      -1.973814
25.905000      -1.973427
25.920000      -1.973055
25.935000      -1.972698
25.950000      -1.972355
25.965000      -1.972027
25.980000      -1.971714
25.995000      -1.971416
26.010000      -1.971133
26.025000      -1.970865
26.040000      -1.970613
26.055000      -1.970375
26.070000      -1.970153
26.085000      -1.969946
26.100000      -1.969755
26.115000      -1.969579
26.130000      -1.969418
26.145000      -1.969273
26.160000      -1.969143
26.175000      -1.969028
26.190000      -1.968929
26.205000      -1.968846
26.220000      -1.968778
26.235000      -1.968725
26.250000      -1.968687
26.265000      -1.968665
26.280000      -1.968658
26.295000      -1.968666
26.310000      -1.968689
26.325000      -1.968727
26.340000      -1.968781
26.355000      -1.968848
26.370000      -1.968931
26.385000      -1.969029
26.400000      -1.969140
26.415000      -1.969267
26.430000      -1.969408
26.445000      -1.969562
26.460000      -1.969731
26.475000      -1.969914
26.490000      -1.970111
26.505000      -1.970321
26.520000      -1.970545
26.535000      -1.970782
26.550000      -1.971032
26.565000      -1.971295
26.580000      -1.971572
26.595000      -1.971860
26.610000      -1.972161
26.625000      -1.972475
26.640000      -1.972800
26.655000      -1.973137
26.670000      -1.973486
26.685000      -1.973847
26.700000      -1.974218
26.715000      -1.974601
26.730000      -1.974994
26.745000      -1.975398
26.760000      -1.975812
26.775000      -1.976236
26.790000      -1.976671
26.805000      -1.977114
26.820000      -1.977567
26.835000      -1.978029
26.850000      -1.978500
26.865000      -1.978980
26.880000      -1.979468
26.895000      -1.979964
26.910000      -1.980468
26.925000      -1.980979
26.940000      -1.981498
26.955000      -1.982023
26.970000      -1.982556
26.985000      -1.983094
27.000000      -1.983639
27.015000      -1.984190
27.030000      -1.984746
27.045000      -1.985308
27.060000      -1.985875
27.075000      -1.986446
27.090000      -1.987022
27.105000      -1.987602
27.120000      -1.988186
27.135000      -1.988774
27.150000      -1.989364
27.165000      -1.989958
27.180000      -1.990555
27.195000      -1.991154
27.210000      -1.991755
27.225000      -1.992358
27.240000      -1.992963
27.255000      -1.993568
27.270000      -1.994175
27.285000      -1.994783
27.300000      -1.995391
27.315000      -1.995999
27.330000      -1.996607
27.345000      -1.997214
27.360000      -1.997821
27.375000      -1.998427
27.390000      -1.999031
27.405000      -1.999634
27.420000      -2.000235
27.435000      -2.000834
27.450000      -2.001430
27.465000      -2.002024
27.480000      -2.002615
27.495000      -2.003203
27.510000      -2.003787
27.525000      -2.004368
27.540000      -2.004944
27.555000      -2.005517
27.570000      -2.006084
27.585000      -2.006648
27.600000      -2.007206
27.615000      -2.007759
27.630000      -2.008306
27.645000      -2.008848
27.660000      -2.009384
27.675000      -2.009914
27.690000      -2.010438
27.705000      -2.010955
27.720000      -2.011465
27.735000      -2.011968
27.750000      -2.012464
27.765000      -2.012952
27.780000      -2.013433
27.795000      -2.013906
27.810000      -2.014372
27.825000      -2.014828
27.840000      -2.015277
27.855000      -2.015717
27.870000      -2.016148
27.885000      -2.016571
27.900000      -2.016984
27.915000      -2.017389
27.930000      -2.017784
27.945000      -2.018169
27.960000      -2.018545
27.975000      -2.018911
27.990000      -2.019267
28.005000      -2.019613
28.020000      -2.019949
28.035000      -2.020275
28.050000      -2.020590
28.065000      -2.020895
28.080000      -2.021189
28.095000      -2.021473
28.110000      -2.021746
28.125000      -2.022008
28.140000      -2.022259
28.155000      -2.022499
28.170000      -2.022728
28.185000      -2.022946
28.200000      -2.023153
28.215000      -2.023348
28.230000      -2.023533
28.245000      -2.023705
28.260000      -2.023867
28.275000      -2.024017
28.290000      -2.024156
28.305000      -2.024283
28.320000      -2.024399
28.335000      -2.024504
28.350000      -2.024597
28.365000      -2.024679
28.380000      -2.024749
28.395000      -2.024808
28.410000      -2.024855
28.425000      -2.024891
28.440000      -2.024916
28.455000      -2.024929
28.470000      -2.024931
28.485000      -2.024922
28.500000      -2.024902
28.515000      -2.024870
28.530000      -2.024828
28.545000      -2.024774
28.560000      -2.024710
28.575000      -2.024635
28.590000      -2.024549
28.605000      -2.024452
28.620000      -2.024345
28.635000      -2.024227
28.650000      -2.024099
28.665000      -2.023960
28.680000      -2.023811
28.695000      -2.023653
28.710000      -2.023484
28.725000      -2.023305
28.740000      -2.023117
28.755000      -2.022919
28.770000      -2.022712
28.785000      -2.022495
28.800000      -2.022269
28.815000      -2.022034
28.830000      -2.021790
28.845000      -2.021538
28.860000      -2.021276
28.875000      -2.021007
28.890000      -2.020729
28.905000      -2.020443
28.920000      -2.020149
28.935000      -2.019847
28.950000      -2.019538
28.965000      -2.019221
28.980000      -2.018897
28.995000      -2.018566
29.010000      -2.018228
29.025000      -2.017883
29.040000      -2.017532
29.055000      -2.017175
29.070000      -2.016811
29.085000      -2.016442
29.100000      -2.016067
29.115000      -2.015686
29.130000      -2.015300
29.145000      -2.014908
29.160000      -2.014512
29.175000      -2.014111
29.190000      -2.013706
29.205000      -2.013296
29.220000      -2.012883
29.235000      -2.012465
29.250000      -2.012044
29.265000      -2.011619
29.280000      -2.011191
29.295000      -2.010760
29.310000      -2.010326
29.325000      -2.009889
29.340000      -2.009450
29.355000      -2.009009
29.370000      -2.008566
29.385000      -2.008122
29.400000      -2.007675
29.415000      -2.007228
29.430000      -2.006779
29.445000      -2.006329
29.460000      -2.005879
29.475000      -2.005428
29.490000      -2.004978
29.505000      -2.004527
29.520000      -2.004076
29.535000      -2.003625
29.550000      -2.003176
29.565000      -2.002727
29.580000      -2.002279
29.595000      -2.001832
29.610000      -2.001386
29.625000      -2.000943
29.640000      -2.000501
29.655000      -2.000061
29.670000      -1.999623
29.685000      -1.999188
29.700000      -1.998756
29.715000      -1.998326
29.730000      -1.997899
29.745000      -1.997475
29.760000      -1.997055
29.775000      -1.996638
29.790000      -1.996225
29.805000      -1.995816
29.820000      -1.995411
29.835000      -1.995011
29.850000      -1.994614
29.865000      -1.994223
29.880000      -1.993836
29.895000      -1.993454
29.910000      -1.993077
29.925000      -1.992705
29.940000      -1.992339
29.955000      -1.991978
29.970000      -1.991623
29.985000      -1.991274
30.000000      -1.990931
30.015000      -1.990593
30.030000      -1.990262
30.045000      -1.989938
30.060000      -1.989620
30.075000      -1.989308
30.090000      -1.989004
30.105000      -1.988706
30.120000      -1.988415
30.135000      -1.988131
30.150000      -1.987854
30.165000      -1.987585
30.180000      -1.987323
30.195000      -1.987068
30.210000      -1.986821
30.225000      -1.986582
30.240000      -1.986350
30.255000      -1.986126
30.270000      -1.985910
30.285000      -1.985702
30.300000      -1.985502
30.315000      -1.985309
30.330000      -1.985126
30.345000      -1.984950
30.360000      -1.984782
30.375000      -1.984623
30.390000      -1.984472
30.405000      -1.984329
30.420000      -1.984195
30.435000      -1.984069
30.450000      -1.983951
30.465000      -1.983842
30.480000      -1.983742
30.495000      -1.983650
30.510000      -1.983566
30.525000      -1.983491
30.540000      -1.983424
30.555000      -1.983366
30.570000      -1.983316
30.585000      -1.983275
30.600000      -1.983242
30.615000      -1.983218
30.630000      -1.983202
30.645000      -1.983195
30.660000      -1.983195
30.675000      -1.983205
30.690000      -1.983222
30.705000      -1.983248
30.720000      -1.983281
30.735000      -1.983323
30.750000      -1.983373
30.765000      -1.983431
30.780000      -1.983497
30.795000      -1.983571
30.810000      -1.983653
30.825000      -1.983743
30.840000      -1.983840
30.855000      -1.983945
30.870000      -1.984057
30.885000      -1.984177
30.900000      -1.984304
30.915000      -1.984439
30.930000      -1.984581
30.945000      -1.984729
30.960000      -1.984885
30.975000      -1.985048
30.990000      -1.985217
31.005000      -1.985393
31.020000      -1.985576
31.035000      -1.985765
31.050000      -1.985961
31.065000      -1.986162
31.080000      -1.986370
31.095000      -1.986584
31.110000      -1.986804
31.125000      -1.987029
31.140000      -1.987260
31.155000      -1.987496
31.170000      -1.987738
31.185000      -1.987985
31.200000      -1.988237
31.215000      -1.988494
31.230000      -1.988756
31.245000      -1.989022
31.260000      -1.989293
31.275000      -1.989569
31.290000      -1.989848
31.305000      -1.990132
31.320000      -1.990419
31.335000      -1.990710
31.350000      -1.991005
31.365000      -1.991303
31.380000      -1.991605
31.395000      -1.991910
31.410000      -1.992217
31.425000      -1.992528
31.440000      -1.992841
31.455000      -1.993157
31.470000      -1.993475
31.485000      -1.993795
31.500000      -1.994118
31.515000      -1.994442
31.530000      -1.994768
31.545000      -1.995096
31.560000      -1.995424
31.575000      -1.995755
31.590000      -1.996086
31.605000      -1.996418
31.620000      -1.996751
31.635000      -1.997085
31.650000      -1.997419
31.665000      -1.997753
31.680000      -1.998088
31.695000      -1.998422
31.710000      -1.998756
31.725000      -1.999090
31.740000      -1.999424
31.755000      -1.999757
31.770000      -2.000089
31.785000      -2.000420
31.800000      -2.000750
31.815000      -2.001078
31.830000      -2.001406
31.845000      -2.001732
31.860000      -2.002056
31.875000      -2.002378
31.890000      -2.002698
31.905000      -2.003016
31.920000      -2.003332
31.935000      -2.003646
31.950000      -2.003957
31.965000      -2.004265
31.980000      -2.004571
31.995000      -2.004873
32.010000      -2.005173
32.025000      -2.005469
32.040000      -2.005762
32.055000      -2.006051
32.070000      -2.006337
32.085000      -2.006620
32.100000      -2.006898
32.115000      -2.007173
32.130000      -2.007443
32.145000      -2.007710
32.160000      -2.007972
32.175000      -2.008230
32.190000      -2.008483
32.205000      -2.008732
32.220000      -2.008976
32.235000      -2.009215
32.250000      -2.009450
32.265000      -2.009679
32.280000      -2.009904
32.295000      -2.010124
32.310000      -2.010338
32.325000      -2.010547
32.340000      -2.010751
32.355000      -2.010949
32.370000      -2.011142
32.385000      -2.011329
32.400000      -2.011511
32.415000      -2.011687
32.430000      -2.011857
32.445000      -2.012021
32.460000      -2.012180
32.475000      -2.012333
32.490000      -2.012480
32.505000      -2.012620
32.520000      -2.012755
32.535000      -2.012884
32.550000      -2.013006
32.565000      -2.013123
32.580000      -2.013233
32.595000      -2.013337
32.610000      -2.013435
32.625000      -2.013527
32.640000      -2.013612
32.655000      -2.013691
32.670000      -2.013764
32.685000      -2.013830
32.700000      -2.013891
32.715000      -2.013945
32.730000      -2.013992
32.745000      -2.014034
32.760000      -2.014069
32.775000      -2.014098
32.790000      -2.014120
32.805000      -2.014136
32.820000      -2.014147
32.835000      -2.014150
32.850000      -2.014148
32.865000      -2.014140
32.880000      -2.014125
32.895000      -2.014104
32.910000      -2.014077
32.925000      -2.014045
32.940000      -2.014006
32.955000      -2.013961
32.970000      -2.013911
32.985000      -2.013854
33.000000      -2.013792
33.015000      -2.013724
33.030000      -2.013650
33.045000      -2.013571
33.060000      -2.013486
33.075000      -2.013395
33.090000      -2.013299
33.105000      -2.013198
33.120000      -2.013092
33.135000      -2.012980
33.150000      -2.012863
33.165000      -2.012741
33.180000      -2.012614
33.195000      -2.012482
33.210000      -2.012345
33.225000      -2.012203
33.240000      -2.012057
33.255000      -2.011906
33.270000      -2.011751
33.285000      -2.011591
33.300000      -2.011427
33.315000      -2.011258
33.330000      -2.011086
33.345000      -2.010909
33.360000      -2.010729
33.375000      -2.010545
33.390000      -2.010357
33.405000      -2.010165
33.420000      -2.009970
33.435000      -2.009771
33.450000      -2.009570
33.465000      -2.009365
33.480000      -2.009156
33.495000      -2.008945
33.510000      -2.008731
33.525000      -2.008515
33.540000      -2.008295
33.555000      -2.008073
33.570000      -2.007849
33.585000      -2.007622
33.600000      -2.007393
33.615000      -2.007162
33.630000      -2.006930
33.645000      -2.006695
33.660000      -2.006459
33.675000      -2.006220
33.690000      -2.005981
33.705000      -2.005740
33.720000      -2.005498
33.735000      -2.005255
33.750000      -2.005010
33.765000      -2.004765
33.780000      -2.004519
33.795000      -2.004273
33.810000      -2.004026
33.825000      -2.003778
33.840000      -2.003530
33.855000      -2.003282
33.870000      -2.003034
33.885000      -2.002786
33.900000      -2.002538
33.915000      -2.002291
33.930000      -2.002044
33.945000      -2.001797
33.960000      -2.001551
33.975000      -2.001305
33.990000      -2.001061
34.005000      -2.000817
34.020000      -2.000575
34.035000      -2.000334
34.050000      -2.000094
34.065000      -1.999855
34.080000      -1.999618
34.095000      -1.999382
34.110000      -1.999149
34.125000      -1.998917
34.140000      -1.998686
34.155000      -1.998458
34.170000      -1.998232
34.185000      -1.998009
34.200000      -1.997787
34.215000      -1.997568
34.230000      -1.997351
34.245000      -1.997137
34.260000      -1.996926
34.275000      -1.996718
34.290000      -1.996512
34.305000      -1.996309
34.320000      -1.996109
34.335000      -1.995912
34.350000      -1.995719
34.365000      -1.995529
34.380000      -1.995342
34.395000      -1.995158
34.410000      -1.994978
34.425000      -1.994801
34.440000      -1.994628
34.455000      -1.994459
34.470000      -1.994294
34.485000      -1.994132
34.500000      -1.993974
34.515000      -1.993820
34.530000      -1.993670
34.545000      -1.993524
34.560000      -1.993382
34.575000      -1.993245
34.590000      -1.993111
34.605000      -1.992982
34.620000      -1.992857
34.635000      -1.992736
34.650000      -1.992619
34.665000      -1.992507
34.680000      -1.992400
34.695000      -1.992297
34.710000      -1.992198
34.725000      -1.992104
34.740000      -1.992014
34.755000      -1.991929
34.770000      -1.991849
34.785000      -1.991773
34.800000      -1.991701
34.815000      -1.991635
34.830000      -1.991573
34.845000      -1.991515
34.860000      -1.991463
34.875000      -1.991415
34.890000      -1.991371
34.905000      -1.991333
34.920000      -1.991298
34.935000      -1.991269
34.950000      -1.991244
34.965000      -1.991224
34.980000      -1.991209
34.995000      -1.991198
35.010000      -1.991192
35.025000      -1.991190
35.040000      -1.991193
35.055000      -1.991201
35.070000      -1.991213
35.085000      -1.991230
35.100000      -1.991251
35.115000      -1.991276
35.130000      -1.991306
35.145000      -1.991341
35.160000      -1.991380
35.175000      -1.991423
35.190000      -1.991470
35.205000      -1.991522
35.220000      -1.991578
35.235000      -1.991638
35.250000      -1.991702
35.265000      -1.991770
35.280000      -1.991842
35.295000      -1.991918
35.310000      -1.991999
35.325000      -1.992083
35.340000      -1.992170
35.355000      -1.992262
35.370000      -1.992357
35.385000      -1.992456
35.400000      -1.992559
35.415000      -1.992665
35.430000      -1.992774
35.445000      -1.992887
35.460000      -1.993003
35.475000      -1.993123
35.490000      -1.993245
35.505000      -1.993371
35.520000      -1.993500
35.535000      -1.993631
35.550000      -1.993766
35.565000      -1.993904
35.580000      -1.994044
35.595000      -1.994187
35.610000      -1.994332
35.625000      -1.994480
35.640000      -1.994630
35.655000      -1.994783
35.670000      -1.994938
35.685000      -1.995095
35.700000      -1.995255
35.715000      -1.995416
35.730000      -1.995579
35.745000      -1.995744
35.760000      -1.995911
35.775000      -1.996080
35.790000      -1.996250
35.805000      -1.996422
35.820000      -1.996595
35.835000      -1.996769
35.850000      -1.996945
35.865000      -1.997122
35.880000      -1.997300
35.895000      -1.997479
35.910000      -1.997658
35.925000      -1.997839
35.940000      -1.998020
35.955000      -1.998202
35.970000      -1.998385
35.985000      -1.998568
36.000000      -1.998751
36.015000      -1.998935
36.030000      -1.999119
36.045000      -1.999303
36.060000      -1.999487
36.075000      -1.999671
36.090000      -1.999855
36.105000      -2.000038
36.120000      -2.000221
36.135000      -2.000404
36.150000      -2.000587
36.165000      -2.000768
36.180000      -2.000949
36.195000      -2.001130
36.210000      -2.001310
36.225000      -2.001488
36.240000      -2.001666
36.255000      -2.001843
36.270000      -2.002018
36.285000      -2.002193
36.300000      -2.002366
36.315000      -2.002537
36.330000      -2.002707
36.345000      -2.002876
36.360000      -2.003043
36.375000      -2.003209
36.390000      -2.003373
36.405000      -2.003535
36.420000      -2.003695
36.435000      -2.003853
36.450000      -2.004009
36.465000      -2.004163
36.480000      -2.004315
36.495000      -2.004465
36.510000      -2.004613
36.525000      -2.004758
36.540000      -2.004901
36.555000      -2.005041
36.570000      -2.005179
36.585000      -2.005315
36.600000      -2.005447
36.615000      -2.005578
36.630000      -2.005705
36.645000      -2.005830
36.660000      -2.005952
36.675000      -2.006071
36.690000      -2.006187
36.705000      -2.006301
36.720000      -2.006411
36.735000      -2.006518
36.750000      -2.006623
36.765000      -2.006724
36.780000      -2.006822
36.795000      -2.006917
36.810000      -2.007009
36.825000      -2.007098
36.840000      -2.007183
36.855000      -2.007265
36.870000      -2.007344
36.885000      -2.007420
36.900000      -2.007492
36.915000      -2.007561
36.930000      -2.007627
36.945000      -2.007689
36.960000      -2.007748
36.975000      -2.007803
36.990000      -2.007855
37.005000      -2.007903
37.020000      -2.007948
37.035000      -2.007990
37.050000      -2.008028
37.065000      -2.008063
37.080000      -2.008094
37.095000      -2.008122
37.110000      -2.008146
37.125000      -2.008167
37.140000      -2.008184
37.155000      -2.008198
37.170000      -2.008208
37.185000      -2.008215
37.200000      -2.008219
37.215000      -2.008219
37.230000      -2.008216
37.245000      -2.008210
37.260000      -2.008200
37.275000      -2.008186
37.290000      -2.008170
37.305000      -2.008150
37.320000      -2.008127
37.335000      -2.008100
37.350000      -2.008071
37.365000      -2.008038
37.380000      -2.008002
37.395000      -2.007963
37.410000      -2.007920
37.425000      -2.007875
37.440000      -2.007826
37.455000      -2.007775
37.470000      -2.007721
37.485000      -2.007663
37.500000      -2.007603
37.515000      -2.007540
37.530000      -2.007474
37.545000      -2.007405
37.560000      -2.007334
37.575000      -2.007260
37.590000      -2.007183
37.605000      -2.007104
37.620000      -2.007022
37.635000      -2.006937
37.650000      -2.006850
37.665000      -2.006761
37.680000      -2.006670
37.695000      -2.006576
37.710000      -2.006480
37.725000      -2.006381
37.740000      -2.006281
37.755000      -2.006178
37.770000      -2.006074
37.785000      -2.005967
37.800000      -2.005859
37.815000      -2.005749
37.830000      -2.005637
37.845000      -2.005523
37.860000      -2.005407
37.875000      -2.005290
37.890000      -2.005172
37.905000      -2.005052
37.920000      -2.004930
37.935000      -2.004807
37.950000      -2.004683
37.965000      -2.004558
37.980000      -2.004431
37.995000      -2.004304
38.010000      -2.004175
38.025000      -2.004045
38.040000      -2.003915
38.055000      -2.003783
38.070000      -2.003651
38.085000      -2.003518
38.100000      -2.003385
38.115000      -2.003251
38.130000      -2.003116
38.145000      -2.002981
38.160000      -2.002845
38.175000      -2.002710
38.190000      -2.002574
38.205000      -2.002437
38.220000      -2.002301
38.235000      -2.002164
38.250000      -2.002028
38.265000      -2.001892
38.280000      -2.001755
38.295000      -2.001619
38.310000      -2.001483
38.325000      -2.001348
38.340000      -2.001213
38.355000      -2.001078
38.370000      -2.000944
38.385000      -2.000810
38.400000      -2.000677
38.415000      -2.000545
38.430000      -2.000413
38.445000      -2.000282
38.460000      -2.000152
38.475000      -2.000023
38.490000      -1.999895
38.505000      -1.999768
38.520000      -1.999642
38.535000      -1.999517
38.550000      -1.999394
38.565000      -1.999271
38.580000      -1.999150
38.595000      -1.999030
38.610000      -1.998912
38.625000      -1.998795
38.640000      -1.998680
38.655000      -1.998566
38.670000      -1.998454
38.685000      -1.998343
38.700000      -1.998234
38.715000      -1.998127
38.730000      -1.998021
38.745000      -1.997918
38.760000      -1.997816
38.775000      -1.997716
38.790000      -1.997618
38.805000      -1.997522
38.820000      -1.997428
38.835000      -1.997336
38.850000      -1.997246
38.865000      -1.997158
38.880000      -1.997073
38.895000      -1.996989
38.910000      -1.996908
38.925000      -1.996829
38.940000      -1.996752
38.955000      -1.996678
38.970000      -1.996605
38.985000      -1.996536
39.000000      -1.996468
39.015000      -1.996403
39.030000      -1.996340
39.045000      -1.996280
39.060000      -1.996222
39.075000      -1.996167
39.090000      -1.996114
39.105000      -1.996064
39.120000      -1.996016
39.135000      -1.995970
39.150000      -1.995928
39.165000      -1.995887
39.180000      -1.995849
39.195000      -1.995814
39.210000      -1.995781
39.225000      -1.995751
39.240000      -1.995724
39.255000      -1.995699
39.270000      -1.995676
39.285000      -1.995657
39.300000      -1.995639
39.315000      -1.995625
39.330000      -1.995612
39.345000      -1.995603
39.360000      -1.995596
39.375000      -1.995591
39.390000      -1.995589
39.405000      -1.995590
39.420000      -1.995593
39.435000      -1.995598
39.450000      -1.995606
39.465000      -1.995617
39.480000      -1.995630
39.495000      -1.995645
39.510000      -1.995663
39.525000      -1.995684
39.540000      -1.995706
39.555000      -1.995731
39.570000      -1.995759
39.585000      -1.995788
39.600000      -1.995820
39.615000      -1.995855
39.630000      -1.995891
39.645000      -1.995930
39.660000      -1.995971
39.675000      -1.996014
39.690000      -1.996059
39.705000      -1.996107
39.720000      -1.996156
39.735000      -1.996208
39.750000      -1.996261
39.765000      -1.996317
39.780000      -1.996374
39.795000      -1.996434
39.810000      -1.996495
39.825000      -1.996558
39.840000      -1.996623
39.855000      -1.996690
39.870000      -1.996758
39.885000      -1.996828
39.900000      -1.996900
39.915000      -1.996973
39.930000      -1.997048
39.945000      -1.997125
39.960000      -1.997203
39.975000      -1.997282
39.990000      -1.997363
40.005000      -1.997445
