solid OBJECT
  facet normal 0.25217581525712346 0.065869295938660907 -0.96543699641765868
    outer loop
      vertex 0 0 -0.046823076903820038
      vertex 0.019973399117588997 0.011198289692401886 -0.040841918438673019
      vertex 0.022898435592651367 0 -0.040841918438673019
    endloop
  endfacet
  facet normal 0.18518115787613096 0.18518115787613096 -0.96509889520986958
    outer loop
      vertex 0 0 -0.046823076903820038
      vertex 0.011198289692401886 0.019973399117588997 -0.040841918438673019
      vertex 0.019973399117588997 0.011198289692401886 -0.040841918438673019
    endloop
  endfacet
  facet normal 0.065869295938660907 0.25217581525712346 -0.96543699641765868
    outer loop
      vertex 0 0 -0.046823076903820038
      vertex 0 0.022898435592651367 -0.040841918438673019
      vertex 0.011198289692401886 0.019973399117588997 -0.040841918438673019
    endloop
  endfacet
  facet normal -0.065869295938660907 0.25217581525712346 -0.96543699641765868
    outer loop
      vertex 0 0 -0.046823076903820038
      vertex -0.011198289692401886 0.019973399117588997 -0.040841918438673019
      vertex 0 0.022898435592651367 -0.040841918438673019
    endloop
  endfacet
  facet normal -0.18518115787613096 0.18518115787613096 -0.96509889520986958
    outer loop
      vertex 0 0 -0.046823076903820038
      vertex -0.019973399117588997 0.011198289692401886 -0.040841918438673019
      vertex -0.011198289692401886 0.019973399117588997 -0.040841918438673019
    endloop
  endfacet
  facet normal -0.25217581525712346 0.065869295938660907 -0.96543699641765868
    outer loop
      vertex 0 0 -0.046823076903820038
      vertex -0.022898435592651367 0 -0.040841918438673019
      vertex -0.019973399117588997 0.011198289692401886 -0.040841918438673019
    endloop
  endfacet
  facet normal -0.25217581525712346 -0.065869295938660907 -0.96543699641765868
    outer loop
      vertex 0 0 -0.046823076903820038
      vertex -0.019973399117588997 -0.011198289692401886 -0.040841918438673019
      vertex -0.022898435592651367 0 -0.040841918438673019
    endloop
  endfacet
  facet normal -0.18518115787613096 -0.18518115787613096 -0.96509889520986958
    outer loop
      vertex 0 0 -0.046823076903820038
      vertex -0.011198289692401886 -0.019973399117588997 -0.040841918438673019
      vertex -0.019973399117588997 -0.011198289692401886 -0.040841918438673019
    endloop
  endfacet
  facet normal -0.065869295938660907 -0.25217581525712346 -0.96543699641765868
    outer loop
      vertex 0 0 -0.046823076903820038
      vertex 0 -0.022898435592651367 -0.040841918438673019
      vertex -0.011198289692401886 -0.019973399117588997 -0.040841918438673019
    endloop
  endfacet
  facet normal 0.065869295938660907 -0.25217581525712346 -0.96543699641765868
    outer loop
      vertex 0 0 -0.046823076903820038
      vertex 0.011198289692401886 -0.019973399117588997 -0.040841918438673019
      vertex 0 -0.022898435592651367 -0.040841918438673019
    endloop
  endfacet
  facet normal 0.18518115787613096 -0.18518115787613096 -0.96509889520986958
    outer loop
      vertex 0 0 -0.046823076903820038
      vertex 0.019973399117588997 -0.011198289692401886 -0.040841918438673019
      vertex 0.011198289692401886 -0.019973399117588997 -0.040841918438673019
    endloop
  endfacet
  facet normal 0.25217581525712346 -0.065869295938660907 -0.96543699641765868
    outer loop
      vertex 0 0 -0.046823076903820038
      vertex 0.022898435592651367 0 -0.040841918438673019
      vertex 0.019973399117588997 -0.011198289692401886 -0.040841918438673019
    endloop
  endfacet
  facet normal 0.69534586682502453 0.18162702333259703 -0.69534577721065904
    outer loop
      vertex 0.022898435592651367 0 -0.040841918438673019
      vertex 0.019973399117588997 0.011198289692401886 -0.040841918438673019
      vertex 0.035624787211418152 0.019973399117588997 -0.022898435592651367
    endloop
  endfacet
  facet normal 0.69534581332846934 0.1816270898658533 -0.69534581332846934
    outer loop
      vertex 0.022898435592651367 0 -0.040841918438673019
      vertex 0.035624787211418152 0.019973399117588997 -0.022898435592651367
      vertex 0.040841918438673019 0 -0.022898435592651367
    endloop
  endfacet
  facet normal 0.50943929677643285 0.50943929677643285 -0.69350068911275575
    outer loop
      vertex 0.019973399117588997 0.011198289692401886 -0.040841918438673019
      vertex 0.011198289692401886 0.019973399117588997 -0.040841918438673019
      vertex 0.019973399117588997 0.035624787211418152 -0.022898435592651367
    endloop
  endfacet
  facet normal 0.50943929677643285 0.50943929677643285 -0.69350068911275575
    outer loop
      vertex 0.019973399117588997 0.011198289692401886 -0.040841918438673019
      vertex 0.019973399117588997 0.035624787211418152 -0.022898435592651367
      vertex 0.035624787211418152 0.019973399117588997 -0.022898435592651367
    endloop
  endfacet
  facet normal 0.18162701201487799 0.69534582349595919 -0.69534582349595919
    outer loop
      vertex 0.011198289692401886 0.019973399117588997 -0.040841918438673019
      vertex 0 0.022898435592651367 -0.040841918438673019
      vertex 0 0.040841918438673019 -0.022898435592651367
    endloop
  endfacet
  facet normal 0.18162709621125023 0.69534583762134994 -0.69534578737814512
    outer loop
      vertex 0.011198289692401886 0.019973399117588997 -0.040841918438673019
      vertex 0 0.040841918438673019 -0.022898435592651367
      vertex 0.019973399117588997 0.035624787211418152 -0.022898435592651367
    endloop
  endfacet
  facet normal -0.18162702333259703 0.69534586682502453 -0.69534577721065904
    outer loop
      vertex 0 0.022898435592651367 -0.040841918438673019
      vertex -0.011198289692401886 0.019973399117588997 -0.040841918438673019
      vertex -0.019973399117588997 0.035624787211418152 -0.022898435592651367
    endloop
  endfacet
  facet normal -0.1816270898658533 0.69534581332846934 -0.69534581332846934
    outer loop
      vertex 0 0.022898435592651367 -0.040841918438673019
      vertex -0.019973399117588997 0.035624787211418152 -0.022898435592651367
      vertex 0 0.040841918438673019 -0.022898435592651367
    endloop
  endfacet
  facet normal -0.50943929677643285 0.50943929677643285 -0.69350068911275575
    outer loop
      vertex -0.011198289692401886 0.019973399117588997 -0.040841918438673019
      vertex -0.019973399117588997 0.011198289692401886 -0.040841918438673019
      vertex -0.035624787211418152 0.019973399117588997 -0.022898435592651367
    endloop
  endfacet
  facet normal -0.50943929677643285 0.50943929677643285 -0.69350068911275575
    outer loop
      vertex -0.011198289692401886 0.019973399117588997 -0.040841918438673019
      vertex -0.035624787211418152 0.019973399117588997 -0.022898435592651367
      vertex -0.019973399117588997 0.035624787211418152 -0.022898435592651367
    endloop
  endfacet
  facet normal -0.69534582349595919 0.18162701201487799 -0.69534582349595919
    outer loop
      vertex -0.019973399117588997 0.011198289692401886 -0.040841918438673019
      vertex -0.022898435592651367 0 -0.040841918438673019
      vertex -0.040841918438673019 0 -0.022898435592651367
    endloop
  endfacet
  facet normal -0.69534583762134994 0.18162709621125023 -0.69534578737814512
    outer loop
      vertex -0.019973399117588997 0.011198289692401886 -0.040841918438673019
      vertex -0.040841918438673019 0 -0.022898435592651367
      vertex -0.035624787211418152 0.019973399117588997 -0.022898435592651367
    endloop
  endfacet
  facet normal -0.69534586682502453 -0.18162702333259703 -0.69534577721065904
    outer loop
      vertex -0.022898435592651367 0 -0.040841918438673019
      vertex -0.019973399117588997 -0.011198289692401886 -0.040841918438673019
      vertex -0.035624787211418152 -0.019973399117588997 -0.022898435592651367
    endloop
  endfacet
  facet normal -0.69534581332846934 -0.1816270898658533 -0.69534581332846934
    outer loop
      vertex -0.022898435592651367 0 -0.040841918438673019
      vertex -0.035624787211418152 -0.019973399117588997 -0.022898435592651367
      vertex -0.040841918438673019 0 -0.022898435592651367
    endloop
  endfacet
  facet normal -0.50943929677643285 -0.50943929677643285 -0.69350068911275575
    outer loop
      vertex -0.019973399117588997 -0.011198289692401886 -0.040841918438673019
      vertex -0.011198289692401886 -0.019973399117588997 -0.040841918438673019
      vertex -0.019973399117588997 -0.035624787211418152 -0.022898435592651367
    endloop
  endfacet
  facet normal -0.50943929677643285 -0.50943929677643285 -0.69350068911275575
    outer loop
      vertex -0.019973399117588997 -0.011198289692401886 -0.040841918438673019
      vertex -0.019973399117588997 -0.035624787211418152 -0.022898435592651367
      vertex -0.035624787211418152 -0.019973399117588997 -0.022898435592651367
    endloop
  endfacet
  facet normal -0.18162701201487799 -0.69534582349595919 -0.69534582349595919
    outer loop
      vertex -0.011198289692401886 -0.019973399117588997 -0.040841918438673019
      vertex 0 -0.022898435592651367 -0.040841918438673019
      vertex 0 -0.040841918438673019 -0.022898435592651367
    endloop
  endfacet
  facet normal -0.18162709621125023 -0.69534583762134994 -0.69534578737814512
    outer loop
      vertex -0.011198289692401886 -0.019973399117588997 -0.040841918438673019
      vertex 0 -0.040841918438673019 -0.022898435592651367
      vertex -0.019973399117588997 -0.035624787211418152 -0.022898435592651367
    endloop
  endfacet
  facet normal 0.18162702333259703 -0.69534586682502453 -0.69534577721065904
    outer loop
      vertex 0 -0.022898435592651367 -0.040841918438673019
      vertex 0.011198289692401886 -0.019973399117588997 -0.040841918438673019
      vertex 0.019973399117588997 -0.035624787211418152 -0.022898435592651367
    endloop
  endfacet
  facet normal 0.1816270898658533 -0.69534581332846934 -0.69534581332846934
    outer loop
      vertex 0 -0.022898435592651367 -0.040841918438673019
      vertex 0.019973399117588997 -0.035624787211418152 -0.022898435592651367
      vertex 0 -0.040841918438673019 -0.022898435592651367
    endloop
  endfacet
  facet normal 0.50943929677643285 -0.50943929677643285 -0.69350068911275575
    outer loop
      vertex 0.011198289692401886 -0.019973399117588997 -0.040841918438673019
      vertex 0.019973399117588997 -0.011198289692401886 -0.040841918438673019
      vertex 0.035624787211418152 -0.019973399117588997 -0.022898435592651367
    endloop
  endfacet
  facet normal 0.50943929677643285 -0.50943929677643285 -0.69350068911275575
    outer loop
      vertex 0.011198289692401886 -0.019973399117588997 -0.040841918438673019
      vertex 0.035624787211418152 -0.019973399117588997 -0.022898435592651367
      vertex 0.019973399117588997 -0.035624787211418152 -0.022898435592651367
    endloop
  endfacet
  facet normal 0.69534582349595919 -0.18162701201487799 -0.69534582349595919
    outer loop
      vertex 0.019973399117588997 -0.011198289692401886 -0.040841918438673019
      vertex 0.022898435592651367 0 -0.040841918438673019
      vertex 0.040841918438673019 0 -0.022898435592651367
    endloop
  endfacet
  facet normal 0.69534583762134994 -0.18162709621125023 -0.69534578737814512
    outer loop
      vertex 0.019973399117588997 -0.011198289692401886 -0.040841918438673019
      vertex 0.040841918438673019 0 -0.022898435592651367
      vertex 0.035624787211418152 -0.019973399117588997 -0.022898435592651367
    endloop
  endfacet
  facet normal 0.93804542998707785 0.24502119426731059 -0.24502119426731059
    outer loop
      vertex 0.040841918438673019 0 -0.022898435592651367
      vertex 0.035624787211418152 0.019973399117588997 -0.022898435592651367
      vertex 0.040841918438673019 0.022898435592651367 0
    endloop
  endfacet
  facet normal 0.93804550369186923 0.24502105318060646 -0.24502105318060646
    outer loop
      vertex 0.040841918438673019 0 -0.022898435592651367
      vertex 0.040841918438673019 0.022898435592651367 0
      vertex 0.046823076903820038 0 0
    endloop
  endfacet
  facet normal 0.68576277993950219 0.68576277993950219 -0.24384179153560176
    outer loop
      vertex 0.035624787211418152 0.019973399117588997 -0.022898435592651367
      vertex 0.019973399117588997 0.035624787211418152 -0.022898435592651367
      vertex 0.022898435592651367 0.040841918438673019 0
    endloop
  endfacet
  facet normal 0.68576277993950219 0.68576277993950219 -0.24384179153560176
    outer loop
      vertex 0.035624787211418152 0.019973399117588997 -0.022898435592651367
      vertex 0.022898435592651367 0.040841918438673019 0
      vertex 0.040841918438673019 0.022898435592651367 0
    endloop
  endfacet
  facet normal 0.24502120389330223 0.93804546683947132 -0.24502104355461998
    outer loop
      vertex 0.019973399117588997 0.035624787211418152 -0.022898435592651367
      vertex 0 0.040841918438673019 -0.022898435592651367
      vertex 0 0.046823076903820038 0
    endloop
  endfacet
  facet normal 0.24502104478423969 0.93804547154698215 -0.24502118464132722
    outer loop
      vertex 0.019973399117588997 0.035624787211418152 -0.022898435592651367
      vertex 0 0.046823076903820038 0
      vertex 0.022898435592651367 0.040841918438673019 0
    endloop
  endfacet
  facet normal -0.24502119426731059 0.93804542998707785 -0.24502119426731059
    outer loop
      vertex 0 0.040841918438673019 -0.022898435592651367
      vertex -0.019973399117588997 0.035624787211418152 -0.022898435592651367
      vertex -0.022898435592651367 0.040841918438673019 0
    endloop
  endfacet
  facet normal -0.24502105318060646 0.93804550369186923 -0.24502105318060646
    outer loop
      vertex 0 0.040841918438673019 -0.022898435592651367
      vertex -0.022898435592651367 0.040841918438673019 0
      vertex 0 0.046823076903820038 0
    endloop
  endfacet
  facet normal -0.68576277993950219 0.68576277993950219 -0.24384179153560176
    outer loop
      vertex -0.019973399117588997 0.035624787211418152 -0.022898435592651367
      vertex -0.035624787211418152 0.019973399117588997 -0.022898435592651367
      vertex -0.040841918438673019 0.022898435592651367 0
    endloop
  endfacet
  facet normal -0.68576277993950219 0.68576277993950219 -0.24384179153560176
    outer loop
      vertex -0.019973399117588997 0.035624787211418152 -0.022898435592651367
      vertex -0.040841918438673019 0.022898435592651367 0
      vertex -0.022898435592651367 0.040841918438673019 0
    endloop
  endfacet
  facet normal -0.93804546683947132 0.24502120389330223 -0.24502104355461998
    outer loop
      vertex -0.035624787211418152 0.019973399117588997 -0.022898435592651367
      vertex -0.040841918438673019 0 -0.022898435592651367
      vertex -0.046823076903820038 0 0
    endloop
  endfacet
  facet normal -0.93804547154698215 0.24502104478423969 -0.24502118464132722
    outer loop
      vertex -0.035624787211418152 0.019973399117588997 -0.022898435592651367
      vertex -0.046823076903820038 0 0
      vertex -0.040841918438673019 0.022898435592651367 0
    endloop
  endfacet
  facet normal -0.93804542998707785 -0.24502119426731059 -0.24502119426731059
    outer loop
      vertex -0.040841918438673019 0 -0.022898435592651367
      vertex -0.035624787211418152 -0.019973399117588997 -0.022898435592651367
      vertex -0.040841918438673019 -0.022898435592651367 0
    endloop
  endfacet
  facet normal -0.93804550369186923 -0.24502105318060646 -0.24502105318060646
    outer loop
      vertex -0.040841918438673019 0 -0.022898435592651367
      vertex -0.040841918438673019 -0.022898435592651367 0
      vertex -0.046823076903820038 0 0
    endloop
  endfacet
  facet normal -0.68576277993950219 -0.68576277993950219 -0.24384179153560176
    outer loop
      vertex -0.035624787211418152 -0.019973399117588997 -0.022898435592651367
      vertex -0.019973399117588997 -0.035624787211418152 -0.022898435592651367
      vertex -0.022898435592651367 -0.040841918438673019 0
    endloop
  endfacet
  facet normal -0.68576277993950219 -0.68576277993950219 -0.24384179153560176
    outer loop
      vertex -0.035624787211418152 -0.019973399117588997 -0.022898435592651367
      vertex -0.022898435592651367 -0.040841918438673019 0
      vertex -0.040841918438673019 -0.022898435592651367 0
    endloop
  endfacet
  facet normal -0.24502120389330223 -0.93804546683947132 -0.24502104355461998
    outer loop
      vertex -0.019973399117588997 -0.035624787211418152 -0.022898435592651367
      vertex 0 -0.040841918438673019 -0.022898435592651367
      vertex 0 -0.046823076903820038 0
    endloop
  endfacet
  facet normal -0.24502104478423969 -0.93804547154698215 -0.24502118464132722
    outer loop
      vertex -0.019973399117588997 -0.035624787211418152 -0.022898435592651367
      vertex 0 -0.046823076903820038 0
      vertex -0.022898435592651367 -0.040841918438673019 0
    endloop
  endfacet
  facet normal 0.24502119426731059 -0.93804542998707785 -0.24502119426731059
    outer loop
      vertex 0 -0.040841918438673019 -0.022898435592651367
      vertex 0.019973399117588997 -0.035624787211418152 -0.022898435592651367
      vertex 0.022898435592651367 -0.040841918438673019 0
    endloop
  endfacet
  facet normal 0.24502105318060646 -0.93804550369186923 -0.24502105318060646
    outer loop
      vertex 0 -0.040841918438673019 -0.022898435592651367
      vertex 0.022898435592651367 -0.040841918438673019 0
      vertex 0 -0.046823076903820038 0
    endloop
  endfacet
  facet normal 0.68576277993950219 -0.68576277993950219 -0.24384179153560176
    outer loop
      vertex 0.019973399117588997 -0.035624787211418152 -0.022898435592651367
      vertex 0.035624787211418152 -0.019973399117588997 -0.022898435592651367
      vertex 0.040841918438673019 -0.022898435592651367 0
    endloop
  endfacet
  facet normal 0.68576277993950219 -0.68576277993950219 -0.24384179153560176
    outer loop
      vertex 0.019973399117588997 -0.035624787211418152 -0.022898435592651367
      vertex 0.040841918438673019 -0.022898435592651367 0
      vertex 0.022898435592651367 -0.040841918438673019 0
    endloop
  endfacet
  facet normal 0.93804546683947132 -0.24502120389330223 -0.24502104355461998
    outer loop
      vertex 0.035624787211418152 -0.019973399117588997 -0.022898435592651367
      vertex 0.040841918438673019 0 -0.022898435592651367
      vertex 0.046823076903820038 0 0
    endloop
  endfacet
  facet normal 0.93804547154698215 -0.24502104478423969 -0.24502118464132722
    outer loop
      vertex 0.035624787211418152 -0.019973399117588997 -0.022898435592651367
      vertex 0.046823076903820038 0 0
      vertex 0.040841918438673019 -0.022898435592651367 0
    endloop
  endfacet
  facet normal 0.93804547154698215 0.24502104478423969 0.24502118464132722
    outer loop
      vertex 0.046823076903820038 0 0
      vertex 0.040841918438673019 0.022898435592651367 0
      vertex 0.035624787211418152 0.019973399117588997 0.022898435592651367
    endloop
  endfacet
  facet normal 0.93804546683947132 0.24502120389330223 0.24502104355461998
    outer loop
      vertex 0.046823076903820038 0 0
      vertex 0.035624787211418152 0.019973399117588997 0.022898435592651367
      vertex 0.040841918438673019 0 0.022898435592651367
    endloop
  endfacet
  facet normal 0.68576277993950219 0.68576277993950219 0.24384179153560176
    outer loop
      vertex 0.040841918438673019 0.022898435592651367 0
      vertex 0.022898435592651367 0.040841918438673019 0
      vertex 0.019973399117588997 0.035624787211418152 0.022898435592651367
    endloop
  endfacet
  facet normal 0.68576277993950219 0.68576277993950219 0.24384179153560176
    outer loop
      vertex 0.040841918438673019 0.022898435592651367 0
      vertex 0.019973399117588997 0.035624787211418152 0.022898435592651367
      vertex 0.035624787211418152 0.019973399117588997 0.022898435592651367
    endloop
  endfacet
  facet normal 0.24502105318060646 0.93804550369186923 0.24502105318060646
    outer loop
      vertex 0.022898435592651367 0.040841918438673019 0
      vertex 0 0.046823076903820038 0
      vertex 0 0.040841918438673019 0.022898435592651367
    endloop
  endfacet
  facet normal 0.24502119426731059 0.93804542998707785 0.24502119426731059
    outer loop
      vertex 0.022898435592651367 0.040841918438673019 0
      vertex 0 0.040841918438673019 0.022898435592651367
      vertex 0.019973399117588997 0.035624787211418152 0.022898435592651367
    endloop
  endfacet
  facet normal -0.24502104478423969 0.93804547154698215 0.24502118464132722
    outer loop
      vertex 0 0.046823076903820038 0
      vertex -0.022898435592651367 0.040841918438673019 0
      vertex -0.019973399117588997 0.035624787211418152 0.022898435592651367
    endloop
  endfacet
  facet normal -0.24502120389330223 0.93804546683947132 0.24502104355461998
    outer loop
      vertex 0 0.046823076903820038 0
      vertex -0.019973399117588997 0.035624787211418152 0.022898435592651367
      vertex 0 0.040841918438673019 0.022898435592651367
    endloop
  endfacet
  facet normal -0.68576277993950219 0.68576277993950219 0.24384179153560176
    outer loop
      vertex -0.022898435592651367 0.040841918438673019 0
      vertex -0.040841918438673019 0.022898435592651367 0
      vertex -0.035624787211418152 0.019973399117588997 0.022898435592651367
    endloop
  endfacet
  facet normal -0.68576277993950219 0.68576277993950219 0.24384179153560176
    outer loop
      vertex -0.022898435592651367 0.040841918438673019 0
      vertex -0.035624787211418152 0.019973399117588997 0.022898435592651367
      vertex -0.019973399117588997 0.035624787211418152 0.022898435592651367
    endloop
  endfacet
  facet normal -0.93804550369186923 0.24502105318060646 0.24502105318060646
    outer loop
      vertex -0.040841918438673019 0.022898435592651367 0
      vertex -0.046823076903820038 0 0
      vertex -0.040841918438673019 0 0.022898435592651367
    endloop
  endfacet
  facet normal -0.93804542998707785 0.24502119426731059 0.24502119426731059
    outer loop
      vertex -0.040841918438673019 0.022898435592651367 0
      vertex -0.040841918438673019 0 0.022898435592651367
      vertex -0.035624787211418152 0.019973399117588997 0.022898435592651367
    endloop
  endfacet
  facet normal -0.93804547154698215 -0.24502104478423969 0.24502118464132722
    outer loop
      vertex -0.046823076903820038 0 0
      vertex -0.040841918438673019 -0.022898435592651367 0
      vertex -0.035624787211418152 -0.019973399117588997 0.022898435592651367
    endloop
  endfacet
  facet normal -0.93804546683947132 -0.24502120389330223 0.24502104355461998
    outer loop
      vertex -0.046823076903820038 0 0
      vertex -0.035624787211418152 -0.019973399117588997 0.022898435592651367
      vertex -0.040841918438673019 0 0.022898435592651367
    endloop
  endfacet
  facet normal -0.68576277993950219 -0.68576277993950219 0.24384179153560176
    outer loop
      vertex -0.040841918438673019 -0.022898435592651367 0
      vertex -0.022898435592651367 -0.040841918438673019 0
      vertex -0.019973399117588997 -0.035624787211418152 0.022898435592651367
    endloop
  endfacet
  facet normal -0.68576277993950219 -0.68576277993950219 0.24384179153560176
    outer loop
      vertex -0.040841918438673019 -0.022898435592651367 0
      vertex -0.019973399117588997 -0.035624787211418152 0.022898435592651367
      vertex -0.035624787211418152 -0.019973399117588997 0.022898435592651367
    endloop
  endfacet
  facet normal -0.24502105318060646 -0.93804550369186923 0.24502105318060646
    outer loop
      vertex -0.022898435592651367 -0.040841918438673019 0
      vertex 0 -0.046823076903820038 0
      vertex 0 -0.040841918438673019 0.022898435592651367
    endloop
  endfacet
  facet normal -0.24502119426731059 -0.93804542998707785 0.24502119426731059
    outer loop
      vertex -0.022898435592651367 -0.040841918438673019 0
      vertex 0 -0.040841918438673019 0.022898435592651367
      vertex -0.019973399117588997 -0.035624787211418152 0.022898435592651367
    endloop
  endfacet
  facet normal 0.24502104478423969 -0.93804547154698215 0.24502118464132722
    outer loop
      vertex 0 -0.046823076903820038 0
      vertex 0.022898435592651367 -0.040841918438673019 0
      vertex 0.019973399117588997 -0.035624787211418152 0.022898435592651367
    endloop
  endfacet
  facet normal 0.24502120389330223 -0.93804546683947132 0.24502104355461998
    outer loop
      vertex 0 -0.046823076903820038 0
      vertex 0.019973399117588997 -0.035624787211418152 0.022898435592651367
      vertex 0 -0.040841918438673019 0.022898435592651367
    endloop
  endfacet
  facet normal 0.68576277993950219 -0.68576277993950219 0.24384179153560176
    outer loop
      vertex 0.022898435592651367 -0.040841918438673019 0
      vertex 0.040841918438673019 -0.022898435592651367 0
      vertex 0.035624787211418152 -0.019973399117588997 0.022898435592651367
    endloop
  endfacet
  facet normal 0.68576277993950219 -0.68576277993950219 0.24384179153560176
    outer loop
      vertex 0.022898435592651367 -0.040841918438673019 0
      vertex 0.035624787211418152 -0.019973399117588997 0.022898435592651367
      vertex 0.019973399117588997 -0.035624787211418152 0.022898435592651367
    endloop
  endfacet
  facet normal 0.93804550369186923 -0.24502105318060646 0.24502105318060646
    outer loop
      vertex 0.040841918438673019 -0.022898435592651367 0
      vertex 0.046823076903820038 0 0
      vertex 0.040841918438673019 0 0.022898435592651367
    endloop
  endfacet
  facet normal 0.93804542998707785 -0.24502119426731059 0.24502119426731059
    outer loop
      vertex 0.040841918438673019 -0.022898435592651367 0
      vertex 0.040841918438673019 0 0.022898435592651367
      vertex 0.035624787211418152 -0.019973399117588997 0.022898435592651367
    endloop
  endfacet
  facet normal 0.69534583762134994 0.18162709621125023 0.69534578737814512
    outer loop
      vertex 0.040841918438673019 0 0.022898435592651367
      vertex 0.035624787211418152 0.019973399117588997 0.022898435592651367
      vertex 0.019973399117588997 0.011198289692401886 0.040841918438673019
    endloop
  endfacet
  facet normal 0.69534582349595919 0.18162701201487799 0.69534582349595919
    outer loop
      vertex 0.040841918438673019 0 0.022898435592651367
      vertex 0.019973399117588997 0.011198289692401886 0.040841918438673019
      vertex 0.022898435592651367 0 0.040841918438673019
    endloop
  endfacet
  facet normal 0.50943929677643285 0.50943929677643285 0.69350068911275575
    outer loop
      vertex 0.035624787211418152 0.019973399117588997 0.022898435592651367
      vertex 0.019973399117588997 0.035624787211418152 0.022898435592651367
      vertex 0.011198289692401886 0.019973399117588997 0.040841918438673019
    endloop
  endfacet
  facet normal 0.50943929677643285 0.50943929677643285 0.69350068911275575
    outer loop
      vertex 0.035624787211418152 0.019973399117588997 0.022898435592651367
      vertex 0.011198289692401886 0.019973399117588997 0.040841918438673019
      vertex 0.019973399117588997 0.011198289692401886 0.040841918438673019
    endloop
  endfacet
  facet normal 0.1816270898658533 0.69534581332846934 0.69534581332846934
    outer loop
      vertex 0.019973399117588997 0.035624787211418152 0.022898435592651367
      vertex 0 0.040841918438673019 0.022898435592651367
      vertex 0 0.022898435592651367 0.040841918438673019
    endloop
  endfacet
  facet normal 0.18162702333259703 0.69534586682502453 0.69534577721065904
    outer loop
      vertex 0.019973399117588997 0.035624787211418152 0.022898435592651367
      vertex 0 0.022898435592651367 0.040841918438673019
      vertex 0.011198289692401886 0.019973399117588997 0.040841918438673019
    endloop
  endfacet
  facet normal -0.18162709621125023 0.69534583762134994 0.69534578737814512
    outer loop
      vertex 0 0.040841918438673019 0.022898435592651367
      vertex -0.019973399117588997 0.035624787211418152 0.022898435592651367
      vertex -0.011198289692401886 0.019973399117588997 0.040841918438673019
    endloop
  endfacet
  facet normal -0.18162701201487799 0.69534582349595919 0.69534582349595919
    outer loop
      vertex 0 0.040841918438673019 0.022898435592651367
      vertex -0.011198289692401886 0.019973399117588997 0.040841918438673019
      vertex 0 0.022898435592651367 0.040841918438673019
    endloop
  endfacet
  facet normal -0.50943929677643285 0.50943929677643285 0.69350068911275575
    outer loop
      vertex -0.019973399117588997 0.035624787211418152 0.022898435592651367
      vertex -0.035624787211418152 0.019973399117588997 0.022898435592651367
      vertex -0.019973399117588997 0.011198289692401886 0.040841918438673019
    endloop
  endfacet
  facet normal -0.50943929677643285 0.50943929677643285 0.69350068911275575
    outer loop
      vertex -0.019973399117588997 0.035624787211418152 0.022898435592651367
      vertex -0.019973399117588997 0.011198289692401886 0.040841918438673019
      vertex -0.011198289692401886 0.019973399117588997 0.040841918438673019
    endloop
  endfacet
  facet normal -0.69534581332846934 0.1816270898658533 0.69534581332846934
    outer loop
      vertex -0.035624787211418152 0.019973399117588997 0.022898435592651367
      vertex -0.040841918438673019 0 0.022898435592651367
      vertex -0.022898435592651367 0 0.040841918438673019
    endloop
  endfacet
  facet normal -0.69534586682502453 0.18162702333259703 0.69534577721065904
    outer loop
      vertex -0.035624787211418152 0.019973399117588997 0.022898435592651367
      vertex -0.022898435592651367 0 0.040841918438673019
      vertex -0.019973399117588997 0.011198289692401886 0.040841918438673019
    endloop
  endfacet
  facet normal -0.69534583762134994 -0.18162709621125023 0.69534578737814512
    outer loop
      vertex -0.040841918438673019 0 0.022898435592651367
      vertex -0.035624787211418152 -0.019973399117588997 0.022898435592651367
      vertex -0.019973399117588997 -0.011198289692401886 0.040841918438673019
    endloop
  endfacet
  facet normal -0.69534582349595919 -0.18162701201487799 0.69534582349595919
    outer loop
      vertex -0.040841918438673019 0 0.022898435592651367
      vertex -0.019973399117588997 -0.011198289692401886 0.040841918438673019
      vertex -0.022898435592651367 0 0.040841918438673019
    endloop
  endfacet
  facet normal -0.50943929677643285 -0.50943929677643285 0.69350068911275575
    outer loop
      vertex -0.035624787211418152 -0.019973399117588997 0.022898435592651367
      vertex -0.019973399117588997 -0.035624787211418152 0.022898435592651367
      vertex -0.011198289692401886 -0.019973399117588997 0.040841918438673019
    endloop
  endfacet
  facet normal -0.50943929677643285 -0.50943929677643285 0.69350068911275575
    outer loop
      vertex -0.035624787211418152 -0.019973399117588997 0.022898435592651367
      vertex -0.011198289692401886 -0.019973399117588997 0.040841918438673019
      vertex -0.019973399117588997 -0.011198289692401886 0.040841918438673019
    endloop
  endfacet
  facet normal -0.1816270898658533 -0.69534581332846934 0.69534581332846934
    outer loop
      vertex -0.019973399117588997 -0.035624787211418152 0.022898435592651367
      vertex 0 -0.040841918438673019 0.022898435592651367
      vertex 0 -0.022898435592651367 0.040841918438673019
    endloop
  endfacet
  facet normal -0.18162702333259703 -0.69534586682502453 0.69534577721065904
    outer loop
      vertex -0.019973399117588997 -0.035624787211418152 0.022898435592651367
      vertex 0 -0.022898435592651367 0.040841918438673019
      vertex -0.011198289692401886 -0.019973399117588997 0.040841918438673019
    endloop
  endfacet
  facet normal 0.18162709621125023 -0.69534583762134994 0.69534578737814512
    outer loop
      vertex 0 -0.040841918438673019 0.022898435592651367
      vertex 0.019973399117588997 -0.035624787211418152 0.022898435592651367
      vertex 0.011198289692401886 -0.019973399117588997 0.040841918438673019
    endloop
  endfacet
  facet normal 0.18162701201487799 -0.69534582349595919 0.69534582349595919
    outer loop
      vertex 0 -0.040841918438673019 0.022898435592651367
      vertex 0.011198289692401886 -0.019973399117588997 0.040841918438673019
      vertex 0 -0.022898435592651367 0.040841918438673019
    endloop
  endfacet
  facet normal 0.50943929677643285 -0.50943929677643285 0.69350068911275575
    outer loop
      vertex 0.019973399117588997 -0.035624787211418152 0.022898435592651367
      vertex 0.035624787211418152 -0.019973399117588997 0.022898435592651367
      vertex 0.019973399117588997 -0.011198289692401886 0.040841918438673019
    endloop
  endfacet
  facet normal 0.50943929677643285 -0.50943929677643285 0.69350068911275575
    outer loop
      vertex 0.019973399117588997 -0.035624787211418152 0.022898435592651367
      vertex 0.019973399117588997 -0.011198289692401886 0.040841918438673019
      vertex 0.011198289692401886 -0.019973399117588997 0.040841918438673019
    endloop
  endfacet
  facet normal 0.69534581332846934 -0.1816270898658533 0.69534581332846934
    outer loop
      vertex 0.035624787211418152 -0.019973399117588997 0.022898435592651367
      vertex 0.040841918438673019 0 0.022898435592651367
      vertex 0.022898435592651367 0 0.040841918438673019
    endloop
  endfacet
  facet normal 0.69534586682502453 -0.18162702333259703 0.69534577721065904
    outer loop
      vertex 0.035624787211418152 -0.019973399117588997 0.022898435592651367
      vertex 0.022898435592651367 0 0.040841918438673019
      vertex 0.019973399117588997 -0.011198289692401886 0.040841918438673019
    endloop
  endfacet
  facet normal 0.25217581525712346 0.065869295938660907 0.96543699641765868
    outer loop
      vertex 0.022898435592651367 0 0.040841918438673019
      vertex 0.019973399117588997 0.011198289692401886 0.040841918438673019
      vertex 0 0 0.046823076903820038
    endloop
  endfacet
  facet normal 0.18518115787613096 0.18518115787613096 0.96509889520986958
    outer loop
      vertex 0.019973399117588997 0.011198289692401886 0.040841918438673019
      vertex 0.011198289692401886 0.019973399117588997 0.040841918438673019
      vertex 0 0 0.046823076903820038
    endloop
  endfacet
  facet normal 0.065869295938660907 0.25217581525712346 0.96543699641765868
    outer loop
      vertex 0.011198289692401886 0.019973399117588997 0.040841918438673019
      vertex 0 0.022898435592651367 0.040841918438673019
      vertex 0 0 0.046823076903820038
    endloop
  endfacet
  facet normal -0.065869295938660907 0.25217581525712346 0.96543699641765868
    outer loop
      vertex 0 0.022898435592651367 0.040841918438673019
      vertex -0.011198289692401886 0.019973399117588997 0.040841918438673019
      vertex 0 0 0.046823076903820038
    endloop
  endfacet
  facet normal -0.18518115787613096 0.18518115787613096 0.96509889520986958
    outer loop
      vertex -0.011198289692401886 0.019973399117588997 0.040841918438673019
      vertex -0.019973399117588997 0.011198289692401886 0.040841918438673019
      vertex 0 0 0.046823076903820038
    endloop
  endfacet
  facet normal -0.25217581525712346 0.065869295938660907 0.96543699641765868
    outer loop
      vertex -0.019973399117588997 0.011198289692401886 0.040841918438673019
      vertex -0.022898435592651367 0 0.040841918438673019
      vertex 0 0 0.046823076903820038
    endloop
  endfacet
  facet normal -0.25217581525712346 -0.065869295938660907 0.96543699641765868
    outer loop
      vertex -0.022898435592651367 0 0.040841918438673019
      vertex -0.019973399117588997 -0.011198289692401886 0.040841918438673019
      vertex 0 0 0.046823076903820038
    endloop
  endfacet
  facet normal -0.18518115787613096 -0.18518115787613096 0.96509889520986958
    outer loop
      vertex -0.019973399117588997 -0.011198289692401886 0.040841918438673019
      vertex -0.011198289692401886 -0.019973399117588997 0.040841918438673019
      vertex 0 0 0.046823076903820038
    endloop
  endfacet
  facet normal -0.065869295938660907 -0.25217581525712346 0.96543699641765868
    outer loop
      vertex -0.011198289692401886 -0.019973399117588997 0.040841918438673019
      vertex 0 -0.022898435592651367 0.040841918438673019
      vertex 0 0 0.046823076903820038
    endloop
  endfacet
  facet normal 0.065869295938660907 -0.25217581525712346 0.96543699641765868
    outer loop
      vertex 0 -0.022898435592651367 0.040841918438673019
      vertex 0.011198289692401886 -0.019973399117588997 0.040841918438673019
      vertex 0 0 0.046823076903820038
    endloop
  endfacet
  facet normal 0.18518115787613096 -0.18518115787613096 0.96509889520986958
    outer loop
      vertex 0.011198289692401886 -0.019973399117588997 0.040841918438673019
      vertex 0.019973399117588997 -0.011198289692401886 0.040841918438673019
      vertex 0 0 0.046823076903820038
    endloop
  endfacet
  facet normal 0.25217581525712346 -0.065869295938660907 0.96543699641765868
    outer loop
      vertex 0.019973399117588997 -0.011198289692401886 0.040841918438673019
      vertex 0.022898435592651367 0 0.040841918438673019
      vertex 0 0 0.046823076903820038
    endloop
  endfacet
endsolid OBJECT
